1 0.115989 0.253886 0.019409 0.221071
1 0.323937 0.219344 0.010166 0.179620
2 0.081793 0.455095 0.013863 0.025907
4 0.166821 0.432642 0.015712 0.025907
3 0.008318 0.392919 0.012939 0.022453
4 0.082717 0.373921 0.013863 0.018998
2 0.147412 0.390328 0.013863 0.020725
3 0.108595 0.366149 0.012015 0.020725
2 0.379852 0.324698 0.014787 0.020725
3 0.344270 0.310017 0.015712 0.015544
3 0.402033 0.294473 0.011091 0.015544
2 0.426987 0.287565 0.009242 0.012090
2 0.497689 0.326425 0.010166 0.020725
4 0.500000 0.455095 0.031423 0.036269
0 0.460259 0.417098 0.024030 0.050086
3 0.697320 0.366149 0.015712 0.031088
2 0.922828 0.462003 0.021257 0.025907
4 0.850739 0.617444 0.054529 0.036269
2 0.821627 0.817789 0.029575 0.050086
4 0.609519 0.731434 0.032348 0.039724
2 0.510166 0.820380 0.027726 0.034542
4 0.327634 0.537997 0.026802 0.032815
3 0.151571 0.617444 0.022181 0.036269
4 0.303604 0.368739 0.026802 0.018998
