4 0.386714 0.628604 0.060976 0.069204
0 0.433569 0.500000 0.058408 0.111880
2 0.232991 0.295271 0.016688 0.016148
2 0.153402 0.358708 0.025674 0.029988
3 0.283055 0.295848 0.019255 0.019608
2 0.354300 0.328720 0.023107 0.020761
3 0.395379 0.303922 0.019255 0.028835
4 0.547176 0.361015 0.053273 0.027682
1 0.413992 0.161476 0.012837 0.288351
2 0.781772 0.351788 0.020539 0.016148
3 0.913350 0.325260 0.014121 0.018454
2 0.983633 0.324106 0.018614 0.020761
3 0.770860 0.321799 0.021823 0.023068
2 0.989730 0.405421 0.020539 0.051903
