0 0.493261 0.925606 0.036585 0.065744
3 0.962452 0.887543 0.030167 0.047290
1 0.249037 0.339677 0.025674 0.224913
1 0.522144 0.288351 0.008344 0.212226
2 0.073171 0.491926 0.016688 0.017301
3 0.129653 0.478662 0.016688 0.018454
3 0.240372 0.454441 0.018614 0.020761
2 0.241977 0.543829 0.014121 0.021915
2 0.101733 0.701845 0.019897 0.033449
4 0.421053 0.561707 0.041078 0.039216
2 0.567394 0.472895 0.012837 0.020761
3 0.539795 0.395040 0.016688 0.017301
3 0.630937 0.374856 0.017972 0.018454
2 0.672336 0.365629 0.010911 0.016148
2 0.711168 0.541522 0.015404 0.024221
