0 0.480424 0.971165 0.039153 0.057670
2 0.029846 0.489043 0.019897 0.018454
3 0.091784 0.476932 0.021823 0.021915
2 0.054557 0.724337 0.021823 0.023068
3 0.213415 0.453287 0.021181 0.025375
2 0.212131 0.550750 0.019897 0.021915
1 0.219512 0.324683 0.032092 0.241061
1 0.518614 0.269319 0.008986 0.236448
3 0.535623 0.382353 0.014763 0.017301
2 0.565469 0.466551 0.014121 0.017301
3 0.631258 0.363899 0.016046 0.014994
2 0.679076 0.352364 0.014121 0.019608
2 0.722401 0.544406 0.017330 0.023068
3 0.993261 0.922722 0.013479 0.078431
4 0.405006 0.564591 0.042362 0.044983
