4 0.479782 0.458710 0.023748 0.026018
0 0.453466 0.411765 0.026316 0.045249
1 0.200899 0.225113 0.016688 0.199095
1 0.417843 0.200792 0.010270 0.179864
1 0.796534 0.741516 0.051348 0.516968
2 0.046213 0.345023 0.010270 0.018100
3 0.097240 0.338801 0.014763 0.021493
2 0.111040 0.399887 0.014121 0.021493
2 0.206354 0.348982 0.016046 0.012443
3 0.193517 0.324661 0.016046 0.015837
4 0.358793 0.341629 0.030809 0.018100
2 0.462452 0.308258 0.014763 0.021493
2 0.575738 0.317873 0.015404 0.020362
3 0.503851 0.279977 0.011553 0.012443
2 0.533376 0.274321 0.010270 0.012443
3 0.435494 0.288462 0.016046 0.015837
3 0.055199 0.566742 0.025674 0.031674
3 0.769255 0.388575 0.037869 0.035068
4 0.751605 0.722285 0.055199 0.059955
2 0.199294 0.856900 0.043004 0.039593
2 0.537227 0.965498 0.041078 0.064480
