2 0.492619 0.265859 0.009628 0.017301
3 0.510270 0.265283 0.008986 0.011534
3 0.548780 0.266436 0.006418 0.016148
1 0.557445 0.234717 0.005777 0.063437
1 0.662388 0.246828 0.010270 0.057670
3 0.665276 0.276240 0.007060 0.012687
2 0.666560 0.329296 0.005777 0.010381
3 0.704108 0.278547 0.007702 0.008074
2 0.723363 0.281430 0.007702 0.009227
2 0.708280 0.390427 0.005777 0.012687
3 0.738447 0.555363 0.007060 0.012687
2 0.724647 0.735294 0.006418 0.010381
3 0.732991 0.897347 0.008986 0.009227
2 0.757060 0.899654 0.007060 0.011534
2 0.681322 0.811995 0.007060 0.009227
4 0.610398 0.762976 0.016688 0.028835
2 0.540757 0.798731 0.007060 0.010381
1 0.547497 0.863322 0.008986 0.042676
1 0.681643 0.876586 0.015404 0.039216
3 0.537869 0.879469 0.006418 0.008074
3 0.489409 0.873126 0.008344 0.011534
2 0.465340 0.871972 0.010270 0.013841
2 0.495507 0.716263 0.007702 0.013841
3 0.481386 0.533449 0.007702 0.014994
4 0.608472 0.544406 0.011553 0.023068
2 0.507060 0.376009 0.007702 0.013841
2 0.549422 0.322376 0.007702 0.010381
4 0.608151 0.355825 0.014763 0.017301
