0 0.313222 0.538639 0.039795 0.073818
4 0.251926 0.608420 0.048139 0.040369
3 0.901155 0.782584 0.034660 0.070358
2 0.911104 0.448674 0.017330 0.020761
2 0.823813 0.520185 0.019897 0.020761
3 0.845635 0.440600 0.022465 0.023068
2 0.701220 0.458478 0.017330 0.012687
3 0.727856 0.430219 0.014121 0.018454
1 0.448652 0.286621 0.007702 0.222607
3 0.433248 0.396194 0.011553 0.014994
3 0.386714 0.416955 0.014763 0.024221
1 0.711810 0.298731 0.014121 0.258362
4 0.505135 0.450404 0.035944 0.021915
3 0.352375 0.385236 0.014121 0.011534
2 0.229782 0.429066 0.014121 0.023068
2 0.317394 0.380623 0.013479 0.013841
