4 0.384375 0.726042 0.031250 0.022917
3 0.007031 0.707292 0.010937 0.022917
2 0.252344 0.620833 0.020313 0.016667
3 0.318750 0.585417 0.015625 0.012500
2 0.285938 0.584375 0.009375 0.010417
2 0.361719 0.600000 0.014063 0.008333
1 0.392188 0.531250 0.006250 0.112500
4 0.463281 0.612500 0.026562 0.008333
1 0.567969 0.531250 0.004687 0.116667
2 0.582031 0.604167 0.007812 0.012500
2 0.678906 0.626042 0.017188 0.014583
3 0.650000 0.589583 0.015625 0.012500
2 0.686719 0.588542 0.010937 0.010417
3 0.849219 0.736458 0.029687 0.031250
