0 0.29289 0.681765 0.0542646 0.0878707 0.928807
4 0.339683 0.638393 0.0409397 0.0509231 0.884409
4 0.474476 0.387999 0.0391043 0.0223643 0.712282
2 0.322929 0.353323 0.0157755 0.0196513 0.706421
2 0.812696 0.443456 0.0199065 0.0247328 0.703876
3 0.258759 0.316318 0.0166936 0.0179173 0.698798
1 0.651453 0.210493 0.0153231 0.251326 0.676247
3 0.664196 0.335937 0.0142671 0.0192324 0.643171
2 0.838562 0.349228 0.0167881 0.020673 0.629104
2 0.212446 0.311428 0.0149222 0.016927 0.625801
1 0.36956 0.200669 0.0107714 0.231055 0.61244
3 0.357203 0.319417 0.0153459 0.019756 0.556809
3 0.779563 0.347014 0.0210962 0.0221267 0.511489
2 0.664346 0.379424 0.013537 0.0175491 0.504175
2 0.214244 0.31076 0.0145251 0.0193368 0.404513
