0 0.539395 0.487599 0.0357777 0.0659698 0.82956
2 0.880554 0.359054 0.0168896 0.0198442 0.787642
3 0.843601 0.294373 0.0155785 0.0158953 0.785069
3 0.127825 0.433597 0.0270756 0.0359803 0.744117
4 0.406532 0.945693 0.0820971 0.106324 0.665272
1 0.733705 0.180348 0.0177506 0.212229 0.634627
3 0.671598 0.486431 0.0226895 0.0363768 0.593967
3 0.746008 0.28989 0.01417 0.0151943 0.543898
2 0.458817 0.297419 0.0130665 0.016545 0.520369
2 0.331548 0.321784 0.0152327 0.0196846 0.476996
1 0.489345 0.171805 0.00736198 0.200169 0.465769
4 0.595651 0.320744 0.032439 0.0171881 0.403353
2 0.89293 0.296353 0.0146599 0.0176386 0.370333
1 0.490734 0.170844 0.0078389 0.202367 0.347036
2 0.750713 0.314426 0.0141294 0.0156021 0.293494
2 0.458444 0.299756 0.0127192 0.0140567 0.274276
