0 0.504902 0.465279 0.024818 0.0446559 0.959649
4 0.836401 0.640018 0.0550638 0.0395845 0.842841
1 0.953377 0.516628 0.0535399 0.794513 0.814204
2 0.671215 0.774287 0.025277 0.044214 0.796498
2 0.330816 0.716932 0.0324795 0.047773 0.747713
4 0.537083 0.496746 0.0212517 0.0201618 0.680671
2 0.163856 0.469508 0.0150696 0.01667 0.618149
2 0.0918672 0.439992 0.0156142 0.0169571 0.50371
1 0.961321 0.506117 0.0437498 0.761069 0.443362
1 0.241792 0.336032 0.0105003 0.189378 0.442708
3 0.1411 0.435051 0.012894 0.0158963 0.405319
1 0.237917 0.332339 0.00849303 0.197345 0.389449
3 0.231055 0.427066 0.00968914 0.0145217 0.361993
2 0.625877 0.506024 0.0161848 0.0210404 0.339851
3 0.135694 0.558837 0.0218038 0.0201922 0.323573
1 0.446305 0.323071 0.0072197 0.175368 0.263241
