0 0.498057 0.462823 0.0229569 0.0427677 0.9349
2 0.240699 0.680762 0.0350989 0.0435364 0.814626
2 0.561032 0.73833 0.0266159 0.0485885 0.807541
1 0.796754 0.464229 0.0345051 0.854623 0.65662
1 0.262191 0.34244 0.0087923 0.185763 0.616491
3 0.164262 0.436102 0.0163612 0.0155405 0.607138
1 0.800751 0.416958 0.0307627 0.751435 0.522308
3 0.774017 0.901053 0.0295415 0.0366172 0.485258
1 0.469455 0.33436 0.00738557 0.177099 0.467006
3 0.614799 0.497572 0.0193898 0.0237117 0.459186
2 0.173434 0.463316 0.0141012 0.0161371 0.441708
1 0.994143 0.786289 0.0117146 0.427422 0.344605
1 0.574057 0.336783 0.0092632 0.234452 0.318223
3 0.113915 0.539295 0.019437 0.0241732 0.311087
1 0.790594 0.67423 0.0411759 0.433661 0.301437
4 0.766816 0.626108 0.022825 0.0282199 0.271523
2 0.116232 0.44 0.0151379 0.0174103 0.267129
