0 0.593654 0.504986 0.0369709 0.0697137 0.87994
4 0.298004 0.93823 0.0832986 0.110229 0.864898
4 0.735163 0.341162 0.029134 0.0185845 0.751391
3 0.247011 0.401274 0.028316 0.0358378 0.721674
1 0.915851 0.196562 0.024963 0.236075 0.684297
4 0.62531 0.490459 0.0277679 0.0323503 0.676884
3 0.923749 0.316933 0.0157932 0.0167692 0.661966
2 0.511443 0.262666 0.0136528 0.0144059 0.644732
3 0.548803 0.269036 0.0146131 0.0179723 0.640965
1 0.64787 0.17604 0.011681 0.2043 0.578039
2 0.488873 0.314606 0.0165891 0.0251807 0.571129
2 0.918912 0.349543 0.0159379 0.019861 0.396989
