0 0.728724 0.956157 0.0733458 0.0841027 0.919584
4 0.45682 0.557872 0.0549969 0.0425491 0.833673
2 0.647349 0.468265 0.0207132 0.0247018 0.777138
2 0.880483 0.516422 0.0244785 0.0313959 0.737266
2 0.167714 0.560969 0.0247259 0.0275676 0.733785
3 0.16419 0.481713 0.0210234 0.0254432 0.719475
1 0.180014 0.303016 0.0298792 0.347344 0.718835
1 0.565018 0.264575 0.015546 0.304775 0.697558
2 0.749418 0.384112 0.0164839 0.0210375 0.669052
3 0.586536 0.411898 0.0179016 0.0238685 0.529071
3 0.698689 0.393328 0.0184292 0.0217349 0.517081
