0 0.394036 0.489008 0.0511717 0.0904508 0.944739
4 0.525628 0.290437 0.0382728 0.0191801 0.752123
1 0.695726 0.127381 0.0167972 0.243819 0.6976
3 0.711322 0.251635 0.0148693 0.0171332 0.653851
4 0.430382 0.469545 0.02629 0.0390799 0.635968
2 0.367886 0.266368 0.0151035 0.0164812 0.619588
1 0.412816 0.119581 0.011969 0.238626 0.612854
2 0.872142 0.329069 0.0175781 0.020892 0.590243
2 0.882964 0.262551 0.0153972 0.0190721 0.560823
3 0.397655 0.243573 0.014876 0.0175964 0.356291
3 0.298632 0.239596 0.0163029 0.0198552 0.289013
3 0.711849 0.256456 0.015222 0.0192071 0.273137
2 0.715104 0.283249 0.0157774 0.0193664 0.271179
