0 0.553553 0.490697 0.0352791 0.063747 0.934941
4 0.59116 0.555437 0.0349924 0.036675 0.841358
2 0.569102 0.380744 0.0155443 0.0184409 0.782153
2 0.0661512 0.398592 0.0159507 0.0195107 0.703535
1 0.252145 0.267311 0.0150856 0.232644 0.696858
2 0.114049 0.459186 0.0184478 0.023102 0.66559
3 0.240435 0.383356 0.0143777 0.0164921 0.637412
3 0.534826 0.36095 0.0133206 0.0162772 0.604642
3 0.126594 0.395404 0.0195827 0.0196721 0.558795
1 0.517084 0.252038 0.00750486 0.208021 0.529252
4 0.436455 0.407479 0.0344397 0.0159034 0.527094
3 0.617606 0.353817 0.0114035 0.0143635 0.451302
2 0.659279 0.35071 0.0131016 0.0139183 0.4357
3 0.24005 0.384959 0.0180826 0.0204113 0.40508
