0 0.498069 0.462779 0.023081 0.042987 0.932385
2 0.240831 0.680935 0.0353438 0.0439441 0.816706
2 0.561092 0.738358 0.0265354 0.0481552 0.806779
1 0.796751 0.463326 0.034363 0.853734 0.65043
3 0.164363 0.43633 0.0165452 0.0158365 0.621675
1 0.262095 0.341808 0.00888587 0.186733 0.618377
1 0.80079 0.41601 0.0306968 0.74991 0.526402
1 0.469407 0.33407 0.0074066 0.177197 0.4774
3 0.774422 0.901136 0.0294801 0.0365289 0.466286
3 0.614913 0.49759 0.0198132 0.0238882 0.456599
2 0.173386 0.463309 0.0140993 0.0161439 0.432902
1 0.994255 0.789353 0.0114906 0.421294 0.343798
4 0.766923 0.626101 0.0228716 0.028526 0.307798
1 0.790568 0.6745 0.0412115 0.43413 0.302359
2 0.116298 0.439961 0.0150883 0.0174578 0.27366
3 0.568315 0.48517 0.0125412 0.0211684 0.260442
3 0.113816 0.539274 0.0193827 0.0239681 0.250924
