0 0.394027 0.489125 0.0511883 0.0903469 0.945162
4 0.525452 0.290488 0.0378782 0.01927 0.761192
1 0.695764 0.127384 0.0163798 0.243642 0.69333
3 0.711305 0.251752 0.0148354 0.0171114 0.650078
4 0.43041 0.469523 0.0263225 0.0391126 0.642907
2 0.367816 0.266259 0.0151433 0.0165559 0.619547
1 0.412762 0.119678 0.0118239 0.2385 0.605487
2 0.872138 0.329013 0.0175755 0.0208725 0.592021
2 0.883109 0.262407 0.0153794 0.0192476 0.554582
3 0.397271 0.243774 0.0149624 0.017535 0.355759
3 0.711809 0.256557 0.0152098 0.019103 0.292387
2 0.715177 0.283274 0.0156813 0.0192992 0.283884
3 0.298772 0.239573 0.0162092 0.0199364 0.262696
