0 0.536564 0.48843 0.0356586 0.0665526 0.892634
3 0.118787 0.438698 0.0250197 0.0342607 0.777498
3 0.832877 0.295724 0.0137899 0.0156186 0.745912
2 0.871657 0.359269 0.0146955 0.0200284 0.710849
1 0.723357 0.184907 0.0156397 0.213619 0.612379
3 0.735851 0.289489 0.0126136 0.0154525 0.601742
1 0.48078 0.174694 0.00700055 0.201351 0.591449
2 0.880439 0.297363 0.0129872 0.0170367 0.544052
3 0.665932 0.485213 0.0226494 0.03324 0.533657
3 0.43133 0.469013 0.0196532 0.0278449 0.504189
2 0.32322 0.32772 0.0153229 0.0197592 0.38149
2 0.741032 0.31838 0.0126412 0.0148024 0.341202
1 0.724047 0.186009 0.010107 0.219639 0.313356
