4 0.60765 0.76236 0.0450152 0.0506474 0.900739
0 0.56755 0.670351 0.0329819 0.0648492 0.887054
4 0.44348 0.492725 0.0365413 0.0272163 0.843322
3 0.130052 0.467216 0.0191353 0.0211835 0.824816
3 0.2445 0.448657 0.0174349 0.0215599 0.788958
2 0.0700777 0.475216 0.0191478 0.0211337 0.747943
1 0.254884 0.325481 0.0169849 0.233588 0.731292
2 0.659331 0.380962 0.0141295 0.018695 0.731292
2 0.12252 0.591238 0.0186663 0.0262631 0.723572
2 0.255976 0.496301 0.0175503 0.0193931 0.720533
3 0.536425 0.401371 0.0143284 0.0207734 0.695465
2 0.573156 0.439431 0.0161707 0.0203828 0.651523
1 0.520657 0.293301 0.0087162 0.206818 0.624329
3 0.620105 0.388026 0.0146828 0.0192409 0.507077
2 0.724544 0.471283 0.0170334 0.0286818 0.499781
2 0.730066 0.473827 0.0211704 0.0348503 0.396633
4 0.415639 0.600259 0.0222179 0.0299031 0.383607
3 0.617578 0.389753 0.014114 0.0199835 0.319654
