0 0.386083 0.528832 0.0485972 0.0951344 0.943857
4 0.520639 0.311117 0.0397326 0.0215657 0.835678
3 0.707676 0.270774 0.015741 0.0185779 0.781617
3 0.296717 0.25313 0.0158045 0.0182907 0.754153
4 0.421965 0.504118 0.0316359 0.0425275 0.744798
2 0.867691 0.350843 0.0184904 0.0240234 0.684007
1 0.692653 0.141916 0.0191582 0.250489 0.683166
2 0.711561 0.30121 0.0145209 0.01922 0.65165
3 0.823358 0.277582 0.0180138 0.0191435 0.648809
1 0.4095 0.135556 0.0113838 0.239855 0.561189
2 0.255544 0.247864 0.0128579 0.0162758 0.550912
2 0.364893 0.284207 0.0169089 0.0198873 0.539237
3 0.395422 0.255601 0.0158233 0.0194503 0.27391
3 0.392494 0.257746 0.0158783 0.0191601 0.251569
