0 0.497981 0.46267 0.0228062 0.0432506 0.936085
2 0.561211 0.738555 0.0265806 0.0481175 0.813378
2 0.240654 0.680826 0.0353176 0.0437787 0.812203
1 0.796684 0.463539 0.0345279 0.853071 0.662163
1 0.262119 0.342256 0.00872282 0.186239 0.617905
3 0.164462 0.436192 0.0161788 0.0152991 0.562232
1 0.800543 0.414689 0.0309838 0.745529 0.521314
1 0.469469 0.333985 0.00740167 0.177343 0.473978
3 0.774199 0.901102 0.0297877 0.0367981 0.455256
3 0.614503 0.497367 0.0190926 0.0235586 0.431338
2 0.173569 0.463407 0.0142293 0.0161889 0.419223
4 0.767187 0.625862 0.0228117 0.0286238 0.386685
1 0.994075 0.793756 0.0118509 0.412487 0.347764
3 0.113728 0.539127 0.019258 0.0240377 0.325573
1 0.79021 0.669771 0.0389273 0.43685 0.324946
2 0.116344 0.439819 0.015273 0.0175748 0.295585
