0 0.493501 0.481935 0.0246298 0.043139 0.924789
2 0.481299 0.95623 0.0418501 0.0646613 0.870926
4 0.515023 0.526133 0.0219676 0.0209233 0.789115
1 0.663363 0.718051 0.0361078 0.563899 0.777987
4 0.418516 0.420302 0.0202296 0.013504 0.681405
1 0.27686 0.306546 0.0118609 0.185626 0.669506
3 0.106048 0.584733 0.019975 0.0214493 0.660211
4 0.363105 0.44767 0.023572 0.0180203 0.541108
1 0.486166 0.297481 0.00622465 0.172102 0.525183
3 0.268393 0.404181 0.0122669 0.0149047 0.524418
1 0.834732 0.844906 0.0591562 0.310188 0.510699
2 0.523376 0.397645 0.012183 0.014334 0.467592
3 0.181199 0.407767 0.0124752 0.0149145 0.446579
2 0.182413 0.460798 0.0143888 0.01846 0.429996
3 0.187288 0.837363 0.0244582 0.0461765 0.413941
2 0.187192 0.83217 0.0238551 0.0390594 0.413638
1 0.276614 0.301329 0.00786688 0.187609 0.388859
