0 0.498073 0.462788 0.0229689 0.0426807 0.933194
2 0.2407 0.680757 0.0351066 0.0434912 0.814417
2 0.561062 0.738314 0.0268433 0.0488429 0.806291
1 0.796756 0.464386 0.0345814 0.854579 0.656215
1 0.262193 0.342425 0.00879051 0.185804 0.617056
3 0.164261 0.436101 0.0163688 0.0155533 0.606323
1 0.800685 0.41673 0.0308774 0.750603 0.52335
3 0.774173 0.901094 0.0299057 0.0368084 0.48838
1 0.469514 0.334104 0.00738028 0.177593 0.468037
3 0.614728 0.497463 0.0193783 0.0236216 0.467254
2 0.173435 0.463318 0.0141158 0.0161444 0.442483
1 0.994137 0.787019 0.0117253 0.425961 0.345039
3 0.113915 0.539293 0.0194688 0.0242144 0.312613
1 0.790574 0.674299 0.0411737 0.433534 0.300938
4 0.766833 0.626109 0.0228941 0.0283987 0.283452
2 0.116235 0.439984 0.0151797 0.0174349 0.265113
