0 0.498237 0.462854 0.0234755 0.0430298 0.933739
2 0.240673 0.680825 0.0352174 0.0436237 0.814674
2 0.561205 0.7382 0.0272839 0.049842 0.807001
1 0.796776 0.461858 0.0343666 0.862429 0.646237
1 0.262151 0.342048 0.00888416 0.186627 0.618931
3 0.164431 0.436304 0.0161744 0.0154778 0.608715
1 0.801079 0.416709 0.0306217 0.753853 0.527097
1 0.469672 0.332653 0.00739928 0.18022 0.469765
3 0.773836 0.901026 0.029435 0.0369137 0.435671
2 0.173387 0.463285 0.0140299 0.0161824 0.427685
3 0.614881 0.4976 0.0189804 0.0234248 0.421674
1 0.994176 0.788782 0.0116485 0.422436 0.353054
1 0.790519 0.67327 0.0416893 0.435698 0.304052
3 0.113759 0.538889 0.019216 0.0244212 0.297763
2 0.116177 0.440115 0.0147814 0.0171049 0.292404
4 0.766621 0.626032 0.0233702 0.0283487 0.287383
