0 0.441745 0.494443 0.0424889 0.0768899 0.914321
4 0.543599 0.311322 0.0319346 0.0190199 0.755157
3 0.708859 0.273146 0.014836 0.0171482 0.754925
2 0.394018 0.287283 0.0151455 0.0176103 0.71585
1 0.69659 0.159047 0.017444 0.230583 0.67847
1 0.433284 0.152942 0.00910489 0.223616 0.61943
2 0.711989 0.302591 0.0144615 0.0190555 0.61465
2 0.853002 0.348405 0.0187199 0.0236043 0.530996
3 0.420336 0.264844 0.0145838 0.0185661 0.473013
2 0.866108 0.284712 0.0169203 0.0198891 0.443276
3 0.331817 0.259325 0.0164026 0.017728 0.288037
