0 0.555048 0.49016 0.0354977 0.0648863 0.937951
4 0.594311 0.556354 0.0350779 0.0357757 0.809712
2 0.570967 0.379586 0.0155666 0.0195412 0.786863
4 0.389203 0.492435 0.022627 0.0270521 0.733536
1 0.250765 0.265409 0.0152542 0.23556 0.689692
2 0.110327 0.460358 0.0172827 0.0227789 0.672729
3 0.240212 0.382586 0.0133474 0.0157482 0.64719
3 0.535395 0.359914 0.0134333 0.0176724 0.644985
1 0.517707 0.251634 0.00853975 0.210341 0.585995
3 0.124675 0.395278 0.019606 0.0208802 0.58184
2 0.0629982 0.397794 0.016242 0.0192176 0.569921
4 0.436598 0.407721 0.0323475 0.0167892 0.568393
3 0.621809 0.354684 0.0119039 0.0142103 0.45495
2 0.660772 0.348116 0.0115456 0.0136351 0.351815
3 0.240443 0.384262 0.0165442 0.0205508 0.351062
