0 0.497587 0.496717 0.037143 0.0665429 0.911878
3 0.0894742 0.44465 0.0249317 0.0377102 0.730084
4 0.567359 0.330524 0.0314738 0.0165708 0.72763
1 0.7035 0.188411 0.0155859 0.213972 0.7063
1 0.462056 0.181979 0.00845795 0.203836 0.609398
3 0.812075 0.300753 0.0146717 0.016532 0.594378
2 0.860999 0.304748 0.0140067 0.0161375 0.584103
2 0.299086 0.332958 0.0141386 0.0165757 0.507791
3 0.714083 0.293757 0.0124105 0.0153858 0.488579
2 0.845027 0.365708 0.0150795 0.0196932 0.421695
2 0.429416 0.307824 0.0130874 0.0147752 0.382731
3 0.396528 0.474992 0.0183986 0.0280135 0.314574
