0 0.555959 0.525365 0.0344038 0.0626586 0.927555
4 0.594569 0.603929 0.0403889 0.0430523 0.89977
4 0.43292 0.394045 0.0402065 0.0201199 0.730172
2 0.061638 0.380482 0.0169662 0.0214281 0.718943
3 0.53068 0.320555 0.0151613 0.019205 0.696242
1 0.247447 0.234721 0.0174844 0.235156 0.678587
2 0.112167 0.4688 0.0173081 0.0238996 0.67283
2 0.566798 0.35187 0.018064 0.0197346 0.669986
3 0.236535 0.358463 0.0172921 0.0228341 0.655928
3 0.123098 0.373186 0.0191982 0.0217976 0.637414
3 0.61572 0.310892 0.0147166 0.0167973 0.627919
2 0.712249 0.372548 0.0182508 0.0289986 0.60391
1 0.514242 0.213274 0.00866919 0.219339 0.566637
2 0.248081 0.395456 0.0165651 0.0190453 0.535871
3 0.61253 0.310628 0.0165218 0.0177249 0.413213
