0 0.491865 0.470464 0.0244885 0.0436301 0.930476
2 0.468715 0.860791 0.0362736 0.0523538 0.807828
1 0.807152 0.724733 0.0607822 0.550534 0.775175
4 0.514272 0.511541 0.0202887 0.0212905 0.77264
3 0.102482 0.559505 0.020234 0.0221403 0.769149
2 0.173915 0.759334 0.0245065 0.0339344 0.74404
1 0.647669 0.633323 0.0388006 0.733354 0.716101
1 0.486174 0.314497 0.00905064 0.171258 0.669382
1 0.278675 0.319124 0.0108331 0.181251 0.575178
4 0.362347 0.447418 0.0236243 0.0167563 0.563899
4 0.41917 0.427837 0.0192089 0.013466 0.551572
3 0.419651 0.516244 0.0166552 0.026444 0.376494
2 0.13702 0.423044 0.0147442 0.0171245 0.355167
2 0.522989 0.405785 0.0122204 0.0137008 0.297791
