0 0.666615 0.807575 0.0558125 0.103628 0.944223
4 0.456837 0.511385 0.0484105 0.0358636 0.862246
4 0.744862 0.966357 0.0757441 0.0672857 0.850474
2 0.205978 0.514851 0.020209 0.0240426 0.826708
3 0.198101 0.45016 0.0191034 0.024497 0.794916
3 0.0433929 0.472831 0.0222366 0.0244573 0.784478
1 0.554056 0.25592 0.01353 0.276379 0.748496
1 0.212003 0.293014 0.0227517 0.311045 0.727548
2 0.624158 0.439084 0.0191815 0.0227837 0.702123
3 0.573194 0.393021 0.0161945 0.0216381 0.599103
2 0.828269 0.476522 0.0218292 0.0261316 0.597289
3 0.674719 0.374735 0.0174073 0.01955 0.584069
3 0.00775052 0.658716 0.0153487 0.0428037 0.38616
