2 0.582008 0.489618 0.0221723 0.0244735 0.848977
3 0.653123 0.819284 0.0279533 0.0532601 0.812691
4 0.272946 0.430893 0.0402697 0.0262435 0.786615
1 0.202457 0.235041 0.0170417 0.224372 0.759601
3 0.603579 0.383354 0.0230421 0.023763 0.722238
3 0.494529 0.377447 0.0165293 0.0189604 0.709831
2 0.471956 0.419226 0.0180719 0.0173051 0.66587
3 0.19566 0.355417 0.0154849 0.0209199 0.66084
4 0.0117123 0.708108 0.0228781 0.0541558 0.655825
2 0.141184 0.391887 0.0184576 0.0203009 0.610909
1 0.477182 0.253792 0.0115492 0.249516 0.609597
2 0.659527 0.387113 0.0158924 0.0208444 0.600855
