0 0.577755 0.735234 0.0341454 0.0643913 0.924381
4 0.617874 0.832523 0.0478623 0.0547916 0.902672
4 0.449529 0.536305 0.0379534 0.0279884 0.841757
2 0.730367 0.510174 0.0186496 0.0257216 0.815595
2 0.13076 0.643448 0.0196486 0.0247949 0.797621
3 0.136188 0.508994 0.0177541 0.0212313 0.7925
3 0.250581 0.488826 0.0180806 0.0217931 0.774703
2 0.0762817 0.517498 0.0206335 0.0208523 0.698903
3 0.626834 0.42375 0.0144642 0.0188386 0.698257
1 0.261748 0.369515 0.0176161 0.231194 0.683211
2 0.262201 0.53964 0.0161799 0.0194732 0.607763
3 0.542411 0.438648 0.0155197 0.0201799 0.574598
1 0.526934 0.330632 0.0100454 0.214515 0.553336
2 0.580737 0.479187 0.0181133 0.0211127 0.489806
2 0.6654 0.416488 0.0138974 0.0190278 0.362644
