0 0.493481 0.481907 0.0245214 0.0429666 0.916918
2 0.481343 0.956213 0.041798 0.0645753 0.870985
4 0.514787 0.526328 0.0218583 0.0205468 0.808562
1 0.663432 0.717763 0.0361181 0.564475 0.777248
4 0.418698 0.420512 0.0191507 0.0137488 0.693253
1 0.276872 0.306521 0.0118852 0.185524 0.670663
3 0.10623 0.584763 0.0199054 0.0214741 0.652808
1 0.834689 0.844782 0.059724 0.310437 0.529657
1 0.486077 0.297741 0.00613917 0.172224 0.501964
2 0.523375 0.397531 0.0122183 0.0144168 0.494269
3 0.268539 0.404086 0.0123292 0.0149705 0.47598
3 0.181196 0.407873 0.012594 0.0150331 0.459821
2 0.182395 0.460858 0.0143881 0.0185021 0.436923
2 0.18721 0.83249 0.0238301 0.0391249 0.425152
3 0.1873 0.837483 0.0243471 0.0458083 0.412099
1 0.276616 0.301233 0.00786887 0.187391 0.386655
