0 0.557676 0.490276 0.0375465 0.065522 0.939209
4 0.597694 0.557025 0.0370113 0.0367146 0.828045
2 0.57285 0.379547 0.0152795 0.0201222 0.784368
2 0.0603505 0.397051 0.0169219 0.02105 0.705735
2 0.108265 0.459407 0.0183916 0.0235196 0.675889
1 0.250429 0.263644 0.0148089 0.239714 0.675326
3 0.238723 0.381811 0.0144225 0.0168692 0.618926
1 0.519785 0.24907 0.00797739 0.212698 0.546962
3 0.122593 0.393397 0.0203804 0.0221875 0.544588
4 0.437535 0.406856 0.036087 0.0154177 0.50234
3 0.536084 0.359343 0.0131756 0.0172835 0.447671
3 0.619693 0.352428 0.0136082 0.0159467 0.447134
3 0.237436 0.383207 0.0150342 0.0204881 0.341418
3 0.239337 0.38484 0.0164702 0.0209916 0.322415
3 0.617505 0.351736 0.0146627 0.0179624 0.292794
