0 0.536625 0.488277 0.0358009 0.0659541 0.886187
3 0.118797 0.438736 0.0250949 0.0342051 0.781073
3 0.83282 0.295707 0.0139603 0.0157946 0.763159
2 0.871687 0.359283 0.0146111 0.0200457 0.69768
1 0.723249 0.185142 0.015441 0.213597 0.614751
3 0.735832 0.289546 0.0125732 0.0154718 0.611164
1 0.480736 0.174659 0.00695382 0.201536 0.592959
3 0.665853 0.48521 0.0224063 0.0330704 0.5371
2 0.88059 0.29754 0.0129856 0.0169397 0.536018
3 0.431256 0.468857 0.0196533 0.0278109 0.499142
2 0.740973 0.318419 0.0126201 0.0148223 0.302908
1 0.723992 0.186377 0.0101028 0.21914 0.302758
2 0.323346 0.32745 0.0152668 0.0200108 0.294976
