0 0.568677 0.684496 0.0338724 0.0647512 0.941246
2 0.070254 0.485511 0.0198789 0.0224267 0.841753
4 0.608443 0.776283 0.04587 0.0518902 0.834344
2 0.122915 0.602344 0.0181296 0.0241559 0.791102
4 0.442655 0.502506 0.0380299 0.026051 0.779061
3 0.130003 0.474801 0.0196313 0.0200768 0.727548
1 0.255781 0.330854 0.0173619 0.233513 0.715073
2 0.256244 0.505579 0.0184262 0.0194955 0.695374
1 0.521333 0.301765 0.00982858 0.204559 0.662367
2 0.57434 0.448227 0.0159752 0.0211845 0.66169
3 0.620046 0.39548 0.0156947 0.0178819 0.587485
2 0.6616 0.389402 0.0136297 0.016566 0.574066
4 0.415764 0.612112 0.0221685 0.0309575 0.561829
3 0.617453 0.393294 0.013729 0.0191934 0.428168
3 0.245032 0.459086 0.0186682 0.0218927 0.419432
3 0.536313 0.409018 0.0149814 0.0180207 0.406258
2 0.723433 0.477894 0.0173262 0.02569 0.403922
2 0.719825 0.480146 0.0185098 0.0283864 0.311667
