0 0.498155 0.462864 0.0231724 0.0429014 0.932964
2 0.24068 0.680705 0.0350602 0.0435782 0.814266
2 0.561136 0.738232 0.0269726 0.0490315 0.807902
1 0.796717 0.465455 0.0343569 0.859351 0.649132
3 0.164365 0.436356 0.0164283 0.0156438 0.629811
1 0.262089 0.342296 0.00887919 0.185943 0.618637
1 0.801008 0.416213 0.0302694 0.749159 0.515717
1 0.46953 0.334256 0.00747814 0.176717 0.481842
3 0.61478 0.497583 0.0196066 0.0238905 0.471713
3 0.774147 0.901188 0.0296278 0.0368343 0.444558
2 0.173348 0.463252 0.014047 0.0162581 0.439753
1 0.994239 0.791146 0.0115222 0.417707 0.342488
1 0.790495 0.674737 0.041215 0.434129 0.318937
1 0.574275 0.329746 0.00860568 0.220833 0.318648
2 0.116223 0.439857 0.0152748 0.0175549 0.307557
3 0.113845 0.539316 0.0191842 0.02443 0.297
4 0.766672 0.625872 0.0232661 0.0283706 0.273473
