0 0.394022 0.48912 0.0511605 0.0903577 0.945645
4 0.525504 0.290513 0.0379472 0.0193017 0.76159
1 0.695762 0.127385 0.0163865 0.243651 0.693313
3 0.711307 0.251757 0.0148382 0.0171228 0.650815
4 0.4304 0.469545 0.0262919 0.0391308 0.639422
2 0.367817 0.266253 0.0151335 0.0165802 0.620107
1 0.412766 0.119666 0.0118277 0.238496 0.605995
2 0.872139 0.329018 0.0175808 0.0208848 0.593141
2 0.88311 0.262409 0.0153855 0.0192573 0.554432
3 0.397277 0.243781 0.0149578 0.0175555 0.357888
3 0.711815 0.256565 0.0152169 0.0191334 0.29291
2 0.715182 0.283267 0.0156847 0.0193191 0.284503
3 0.298767 0.239573 0.01621 0.0199589 0.264989
