0 0.564714 0.643968 0.0346788 0.0634955 0.896077
4 0.603121 0.732082 0.0444639 0.047364 0.844896
4 0.44002 0.475219 0.039289 0.0260496 0.782917
1 0.252457 0.307518 0.0185894 0.234506 0.772808
3 0.127199 0.449531 0.0180116 0.0209103 0.740619
2 0.571999 0.423488 0.016299 0.0207868 0.735104
3 0.241568 0.43073 0.0177226 0.0201173 0.649074
1 0.519848 0.27905 0.00885966 0.211532 0.627551
3 0.616212 0.373963 0.0141432 0.0175521 0.61565
3 0.535104 0.387002 0.0145235 0.0186346 0.535066
2 0.119442 0.567921 0.0194183 0.0265208 0.520561
2 0.066693 0.460022 0.019385 0.0218748 0.503102
4 0.412151 0.576334 0.0236471 0.0291859 0.483396
2 0.729068 0.457803 0.0151437 0.0282001 0.457546
2 0.724357 0.452834 0.018561 0.0300797 0.447908
2 0.657409 0.36624 0.0145124 0.0192255 0.25953
