0 0.536544 0.488241 0.0356037 0.0661854 0.890301
3 0.118795 0.438616 0.025019 0.0340753 0.784567
3 0.832834 0.29572 0.0140144 0.0158069 0.756847
2 0.871647 0.359205 0.0146698 0.0200541 0.7015
1 0.72323 0.184725 0.0156391 0.213893 0.622764
3 0.735764 0.289484 0.0125447 0.0153872 0.61411
1 0.480789 0.174748 0.00696298 0.201103 0.586124
2 0.880336 0.297434 0.0129179 0.0168785 0.532269
3 0.665853 0.485343 0.0221003 0.0326443 0.519263
3 0.431186 0.469073 0.0197975 0.0280887 0.471785
2 0.741087 0.318392 0.0125708 0.0147682 0.309961
2 0.323295 0.327621 0.015131 0.019724 0.3088
1 0.723968 0.185886 0.010118 0.219717 0.300367
