3 0.649734 0.836681 0.0290832 0.0517104 0.820581
4 0.234191 0.401169 0.0442665 0.0233952 0.812182
2 0.572565 0.46301 0.0221538 0.0240378 0.790292
2 0.659291 0.359102 0.0167176 0.0221365 0.784834
2 0.0960598 0.362286 0.0197078 0.0219843 0.744661
3 0.597544 0.354265 0.019708 0.0241796 0.734216
1 0.16608 0.196951 0.0209431 0.25353 0.723278
3 0.0558517 0.319395 0.0180309 0.0192381 0.610025
1 0.459016 0.206922 0.0115253 0.270422 0.539366
2 0.451265 0.392959 0.0183263 0.020778 0.351684
3 0.47722 0.348955 0.0175923 0.0215857 0.311845
