0 0.498243 0.462899 0.0235043 0.0430234 0.934221
2 0.24069 0.680821 0.0352243 0.0435614 0.814659
2 0.561186 0.738172 0.0273019 0.049755 0.80554
1 0.796786 0.462404 0.0342522 0.860864 0.648309
1 0.262152 0.341997 0.00889364 0.186733 0.618935
3 0.164433 0.436317 0.016175 0.0154986 0.610204
1 0.801074 0.416728 0.0304681 0.752932 0.521164
1 0.469674 0.333171 0.00743426 0.179034 0.473752
3 0.773809 0.901018 0.0293434 0.0369611 0.434526
3 0.61497 0.497626 0.0187948 0.0233349 0.42985
2 0.173391 0.463286 0.0140404 0.016189 0.428136
1 0.994179 0.789337 0.0116417 0.421326 0.35257
2 0.116151 0.440147 0.0147768 0.0171167 0.301624
1 0.79052 0.673961 0.0416619 0.434628 0.299675
3 0.113727 0.53889 0.019199 0.0244238 0.294203
4 0.766639 0.626032 0.023376 0.0283323 0.28477
