0 0.492555 0.469539 0.0232289 0.0415177 0.936585
4 0.51401 0.509353 0.0215555 0.0189999 0.820747
2 0.475282 0.850816 0.0360967 0.0544292 0.810411
3 0.103462 0.55712 0.0203465 0.0215744 0.790337
1 0.654569 0.600052 0.0367819 0.787832 0.784777
1 0.822876 0.71359 0.0590574 0.57282 0.769975
2 0.178695 0.752967 0.0246959 0.0358768 0.743559
1 0.277949 0.319654 0.011262 0.183054 0.616949
1 0.486693 0.31622 0.00690669 0.175578 0.610669
3 0.421022 0.515462 0.0163255 0.0245786 0.483944
4 0.416421 0.427356 0.0215628 0.0132452 0.396755
3 0.135702 0.42437 0.0141526 0.0163352 0.359873
2 0.635953 0.420215 0.0134653 0.0188063 0.338948
