2 0.708247 0.795441 0.0196362 0.0243317 0.839153
0 0.35772 0.937338 0.0244477 0.0477202 0.8235
4 0.386356 0.908426 0.0264339 0.0303653 0.818399
4 0.501751 0.724405 0.0264384 0.0203854 0.762577
2 0.769138 0.707907 0.0156361 0.0183926 0.750988
3 0.116049 0.830866 0.0227387 0.0332673 0.648545
1 0.63753 0.600472 0.0105284 0.170048 0.591421
2 0.632075 0.725353 0.0168001 0.0180612 0.507553
1 0.639605 0.599431 0.0106254 0.167777 0.406511
3 0.372192 0.637059 0.0138433 0.0174858 0.369896
3 0.650243 0.684409 0.0158794 0.0170234 0.365152
3 0.726898 0.702171 0.0181879 0.0197171 0.363287
1 0.447599 0.571735 0.00890353 0.154652 0.340098
4 0.309991 0.88792 0.0267311 0.0316277 0.320826
