0 0.568728 0.679198 0.0349094 0.0642512 0.948434
4 0.607781 0.770945 0.0455494 0.051201 0.880363
4 0.443717 0.499172 0.0380793 0.0270262 0.816113
2 0.122504 0.599008 0.0178413 0.02465 0.813463
3 0.129634 0.470703 0.0194441 0.0206211 0.806853
1 0.255943 0.328209 0.0163232 0.231649 0.715197
2 0.0696831 0.482675 0.0193861 0.0220505 0.671026
3 0.24517 0.453617 0.0181188 0.0213774 0.65705
1 0.521763 0.297969 0.00955666 0.212899 0.639094
2 0.574383 0.446032 0.0166485 0.0211911 0.62264
2 0.722234 0.475085 0.0174458 0.0249395 0.618887
3 0.536668 0.406289 0.0145514 0.0178827 0.550377
2 0.660636 0.385938 0.0141655 0.0186567 0.511307
3 0.620664 0.394329 0.0155588 0.0193514 0.509057
4 0.415575 0.605702 0.0210438 0.0334078 0.425863
2 0.255426 0.502995 0.0179882 0.0209168 0.329757
3 0.617942 0.393324 0.0142828 0.0194386 0.310774
2 0.719167 0.475476 0.0184796 0.0280081 0.28638
