2 0.731993 0.755932 0.030521 0.0339151 0.833738
4 0.325381 0.628427 0.044241 0.0343347 0.827083
2 0.837695 0.601116 0.0237041 0.0231133 0.733203
2 0.185836 0.564127 0.0210085 0.0235113 0.663547
2 0.581361 0.629917 0.0225344 0.0208402 0.642265
3 0.612297 0.573336 0.0186124 0.021942 0.6208
3 0.759989 0.59148 0.0237131 0.0262522 0.619456
1 0.59453 0.409647 0.0125083 0.304608 0.592033
3 0.161191 0.508337 0.0183487 0.0207977 0.541062
1 0.275123 0.383767 0.0144843 0.271941 0.526522
3 0.261298 0.522291 0.0162739 0.019815 0.322254
1 0.274999 0.380274 0.0102592 0.287702 0.252396
