0 0.493409 0.469688 0.0237658 0.0427229 0.934242
3 0.104499 0.557998 0.0206084 0.0216824 0.80421
1 0.847042 0.716103 0.0620699 0.567794 0.790605
2 0.48572 0.847461 0.0355064 0.051027 0.787358
4 0.51499 0.508351 0.0204829 0.0176974 0.768682
1 0.674027 0.610564 0.0382211 0.766103 0.765368
2 0.186781 0.752578 0.0240648 0.0348583 0.729832
1 0.276654 0.320732 0.0120177 0.188382 0.564799
4 0.442935 0.466513 0.0177868 0.0226507 0.53516
1 0.483688 0.315476 0.00742874 0.172462 0.460699
2 0.133733 0.424338 0.014409 0.0164176 0.459445
1 0.276574 0.31821 0.00750781 0.19091 0.435251
2 0.634912 0.419186 0.0153095 0.0171061 0.354719
3 0.422776 0.51606 0.0160206 0.0249792 0.276482
