0 0.747425 0.944258 0.0740776 0.10755 0.960872
4 0.442853 0.567344 0.0547472 0.0427573 0.851321
3 0.670608 0.40423 0.0186286 0.0204395 0.792321
3 0.561458 0.424477 0.0171114 0.0253183 0.790467
3 0.139552 0.503649 0.0238604 0.0265813 0.766013
2 0.854649 0.514831 0.025822 0.0352727 0.759894
1 0.155789 0.316778 0.0312988 0.357972 0.754805
2 0.149615 0.578466 0.0211442 0.0285695 0.723779
1 0.541278 0.276401 0.0151105 0.302328 0.669817
2 0.625598 0.477352 0.0218082 0.0256158 0.576468
2 0.719838 0.39432 0.0161256 0.0216604 0.514079
