0 0.570754 0.701701 0.0349816 0.0646764 0.946573
4 0.610225 0.794986 0.0442822 0.0545257 0.851869
4 0.444301 0.514588 0.0355934 0.0281147 0.849825
3 0.13143 0.486716 0.018814 0.021367 0.816909
3 0.6235 0.404528 0.0142562 0.0181289 0.78594
2 0.257295 0.51799 0.0168232 0.0202222 0.785031
2 0.0715287 0.496669 0.0185502 0.0220418 0.771339
1 0.256468 0.345349 0.0180257 0.236026 0.724396
2 0.125267 0.618592 0.0178598 0.023312 0.695539
3 0.246292 0.467124 0.0187644 0.0233333 0.683798
2 0.661566 0.396952 0.0144053 0.0181421 0.600005
2 0.724433 0.488165 0.0163689 0.0235303 0.598702
1 0.522008 0.312829 0.00954017 0.210097 0.589007
3 0.53899 0.418159 0.0160105 0.0206681 0.495792
4 0.417951 0.624925 0.0215757 0.0316438 0.454659
2 0.574887 0.460038 0.0168167 0.0199785 0.343484
1 0.523523 0.307676 0.00894012 0.216337 0.277019
