0 0.493479 0.481905 0.0245174 0.0429566 0.916726
2 0.481338 0.956207 0.041786 0.0645567 0.871089
4 0.514762 0.526314 0.0218548 0.0205503 0.807458
1 0.66342 0.717713 0.0360596 0.564574 0.777036
4 0.41869 0.420537 0.0190641 0.0137588 0.695914
1 0.276871 0.306519 0.0118908 0.185505 0.670887
3 0.106231 0.584763 0.0198979 0.021464 0.652349
1 0.834689 0.844793 0.0596451 0.310414 0.526357
1 0.48608 0.297743 0.00613748 0.172181 0.504201
2 0.52336 0.397521 0.0122001 0.0143752 0.494308
3 0.26856 0.404128 0.0123134 0.0149309 0.476063
3 0.181195 0.40788 0.0125907 0.0150426 0.459568
2 0.182397 0.460856 0.0143782 0.0185073 0.436197
2 0.18721 0.832469 0.0238469 0.039094 0.423033
3 0.187298 0.837468 0.0243734 0.0457954 0.413048
1 0.276615 0.301232 0.00787162 0.187347 0.386609
