0 0.557738 0.490275 0.0375908 0.065405 0.935566
4 0.597647 0.556994 0.0364355 0.0369752 0.836813
2 0.572859 0.37929 0.0149071 0.0199703 0.809425
2 0.0606341 0.396855 0.016673 0.0209306 0.689794
2 0.108111 0.459398 0.0185702 0.0235902 0.683802
1 0.25043 0.263792 0.0146533 0.239438 0.666575
3 0.238897 0.381699 0.0141682 0.0164705 0.619614
4 0.439403 0.406952 0.0341877 0.0157569 0.592756
3 0.122472 0.39364 0.0198899 0.021777 0.565635
1 0.519631 0.249039 0.00816096 0.212403 0.564674
3 0.620152 0.352616 0.0135139 0.0154207 0.468529
3 0.535655 0.359104 0.0129972 0.0170876 0.466645
3 0.239671 0.38491 0.0164231 0.0211797 0.32219
3 0.237549 0.383207 0.0150676 0.020392 0.312218
2 0.661895 0.347714 0.0119932 0.0153603 0.294983
3 0.617597 0.351836 0.0143355 0.0179386 0.285016
2 0.246354 0.405833 0.0151395 0.0162262 0.253922
