0 0.53651 0.488055 0.0357306 0.0667334 0.887666
3 0.118882 0.438346 0.0250862 0.0345654 0.779236
3 0.832773 0.295458 0.0140366 0.0156974 0.756884
2 0.871544 0.359387 0.0147793 0.0199549 0.717321
1 0.72336 0.184926 0.0157426 0.213439 0.637011
3 0.735719 0.289362 0.0126408 0.0154835 0.635727
1 0.480814 0.174554 0.00687684 0.201784 0.587625
2 0.880304 0.29746 0.0131262 0.0172826 0.566955
3 0.666035 0.485359 0.0226723 0.0328278 0.540953
3 0.431349 0.469013 0.0193541 0.0279285 0.474931
2 0.323442 0.32766 0.0153011 0.0199745 0.324647
1 0.724031 0.1863 0.0101343 0.218787 0.295913
2 0.740936 0.318274 0.0125428 0.014844 0.285729
