0 0.531212 0.488705 0.0353271 0.0646072 0.930217
3 0.115405 0.438968 0.0257135 0.0336418 0.812681
3 0.830961 0.296406 0.0161105 0.0157156 0.753676
2 0.867418 0.360917 0.0163586 0.0188788 0.721056
1 0.722071 0.183385 0.0155666 0.212597 0.645449
3 0.734558 0.292031 0.0131294 0.0143313 0.643535
1 0.478784 0.176122 0.00738431 0.200123 0.509152
2 0.878054 0.298689 0.0132706 0.0176472 0.469694
4 0.389893 0.943271 0.106534 0.105026 0.459423
2 0.738706 0.317371 0.0135842 0.0154199 0.439412
2 0.322146 0.327249 0.015838 0.0202487 0.349347
1 0.47709 0.18231 0.0068245 0.197173 0.286902
