4 0.312214 0.955133 0.0851458 0.0869012 0.936629
0 0.482204 0.498701 0.0373838 0.0665176 0.916252
4 0.55443 0.332522 0.027989 0.0162441 0.784021
3 0.076297 0.445319 0.0238406 0.0348928 0.722815
1 0.695206 0.187917 0.0124762 0.207047 0.674797
3 0.706565 0.293984 0.0117637 0.0131475 0.592279
1 0.693193 0.194265 0.0140616 0.210767 0.58326
1 0.453304 0.18466 0.00809946 0.204939 0.521979
2 0.41985 0.308718 0.0131163 0.0154739 0.505481
2 0.291322 0.334416 0.0155967 0.0186471 0.465906
2 0.834299 0.366719 0.0172433 0.0207068 0.418006
3 0.384871 0.475929 0.0219387 0.0289205 0.293779
