4 0.312194 0.95514 0.085076 0.0868924 0.936825
0 0.482203 0.498717 0.037354 0.0665865 0.916051
4 0.554451 0.332509 0.0280977 0.0163085 0.783405
3 0.0763023 0.445281 0.0238427 0.0350026 0.717799
1 0.695208 0.187917 0.0124581 0.20706 0.674104
3 0.706566 0.293992 0.011795 0.0131705 0.592431
1 0.693197 0.194222 0.0140496 0.210815 0.584569
1 0.453304 0.184605 0.00808849 0.205002 0.520112
2 0.419843 0.308712 0.0131106 0.0154422 0.500444
2 0.291697 0.334358 0.0158322 0.0188589 0.487328
2 0.834318 0.366778 0.0171597 0.0208307 0.407135
3 0.38491 0.475905 0.0220387 0.0289506 0.30682
