0 0.536625 0.488299 0.0357881 0.0666809 0.886012
3 0.118806 0.438669 0.0249695 0.0340739 0.780805
3 0.832831 0.295681 0.0139572 0.0158574 0.759256
2 0.871671 0.359297 0.0146574 0.0200829 0.706473
1 0.723236 0.184832 0.0155422 0.213495 0.606213
3 0.735784 0.289478 0.0125262 0.0152711 0.597302
1 0.480726 0.174681 0.00700122 0.201198 0.587659
3 0.666013 0.48522 0.022495 0.0328628 0.57185
2 0.880506 0.297522 0.0129698 0.0170604 0.521828
3 0.431313 0.468953 0.0193525 0.0276415 0.48691
2 0.323224 0.327741 0.0152426 0.0198764 0.394104
2 0.741003 0.318424 0.0126617 0.0148505 0.34003
1 0.72398 0.18595 0.0100962 0.21991 0.307559
