4 0.312328 0.955106 0.0849773 0.0869211 0.934498
0 0.482047 0.49861 0.0370657 0.0665977 0.922051
4 0.554048 0.332091 0.0287795 0.0158608 0.755296
3 0.0757867 0.445582 0.0235784 0.0344945 0.71699
1 0.695046 0.187489 0.0125139 0.207284 0.676764
3 0.707019 0.294191 0.0118157 0.0133547 0.610399
1 0.453251 0.184827 0.00819493 0.205114 0.526484
2 0.419704 0.308866 0.0131895 0.0155431 0.505361
2 0.291279 0.334238 0.0156673 0.018665 0.490479
1 0.692678 0.191862 0.0147087 0.218851 0.450321
2 0.834291 0.366586 0.0172058 0.0204419 0.437603
3 0.384832 0.475982 0.0215938 0.0284439 0.278687
