0 0.557742 0.490283 0.0375973 0.0653852 0.935646
4 0.597674 0.557029 0.0363821 0.0369195 0.835182
2 0.572855 0.379287 0.014897 0.0199722 0.809533
2 0.0606295 0.396842 0.0166936 0.0209132 0.689649
2 0.108111 0.459396 0.0186147 0.0235955 0.684413
1 0.250417 0.2638 0.0146796 0.239408 0.666466
3 0.238896 0.381689 0.0141774 0.0164826 0.620497
4 0.439401 0.406915 0.0341421 0.0158255 0.599074
3 0.122477 0.39364 0.0198873 0.0217946 0.567527
1 0.519585 0.249215 0.00812081 0.21207 0.561914
3 0.620167 0.352579 0.013516 0.0154252 0.470762
3 0.535665 0.3591 0.0130224 0.0171016 0.469001
2 0.662314 0.348072 0.0119911 0.0141868 0.383707
3 0.239659 0.384902 0.0164543 0.0212122 0.322278
3 0.237545 0.383205 0.0150754 0.0204244 0.313024
3 0.61759 0.351794 0.0143386 0.0177756 0.283764
2 0.246352 0.405839 0.015147 0.0162335 0.255224
