2 0.706547 0.798185 0.0167863 0.0205815 0.861518
4 0.527492 0.737281 0.0273445 0.0178952 0.782349
0 0.420834 0.91398 0.0231196 0.0439615 0.750287
3 0.209196 0.829162 0.0216015 0.0306424 0.698022
1 0.643972 0.6279 0.00857336 0.141944 0.653898
3 0.72301 0.717081 0.0168397 0.0174892 0.61677
2 0.640956 0.739579 0.013669 0.016213 0.51117
2 0.759093 0.726206 0.0152922 0.0193386 0.484264
2 0.444337 0.696274 0.0130791 0.0193737 0.481059
1 0.475583 0.607007 0.0054554 0.138277 0.457663
3 0.409319 0.658418 0.0121427 0.0149094 0.448051
3 0.507764 0.914189 0.0154068 0.019824 0.392137
3 0.729113 0.98294 0.0201519 0.0320988 0.379491
4 0.440802 0.894022 0.0155561 0.0219441 0.350081
2 0.639698 0.737696 0.0136209 0.0165463 0.3137
1 0.477313 0.602255 0.00906858 0.135875 0.306569
3 0.410164 0.658642 0.0144581 0.0188119 0.305723
