0 0.441743 0.494464 0.0425161 0.0769097 0.914411
4 0.543598 0.311333 0.0319317 0.0190256 0.755101
3 0.708844 0.273147 0.0148341 0.0171451 0.75425
2 0.39403 0.287275 0.0151358 0.0176037 0.716475
1 0.696591 0.159062 0.0174433 0.230614 0.678395
1 0.433294 0.152911 0.00908985 0.223534 0.615489
2 0.711987 0.30258 0.0144591 0.0190647 0.61469
2 0.853003 0.348405 0.0187105 0.0235926 0.530549
3 0.420353 0.264823 0.0145845 0.0185527 0.471197
2 0.866107 0.284708 0.0169205 0.0198876 0.444086
3 0.331936 0.259378 0.0162259 0.017713 0.292472
