4 0.312332 0.955106 0.0849812 0.086923 0.934234
0 0.482048 0.498616 0.0370735 0.0665956 0.921985
4 0.554049 0.332092 0.0287791 0.0158603 0.755297
3 0.0757954 0.445534 0.0235801 0.0344816 0.718013
1 0.695043 0.187492 0.0125258 0.207299 0.677555
3 0.70702 0.294188 0.0118145 0.0133578 0.610719
1 0.453251 0.184813 0.00818326 0.205152 0.52535
2 0.419687 0.308872 0.0131745 0.0154905 0.498354
2 0.291595 0.334287 0.0158956 0.018857 0.471257
1 0.692682 0.19186 0.0147242 0.21887 0.451275
2 0.834292 0.366587 0.017203 0.0204395 0.437465
3 0.384922 0.475994 0.0216564 0.028475 0.282126
