0 0.394036 0.489004 0.0511751 0.0904325 0.944531
4 0.52563 0.290438 0.0382912 0.0191737 0.751887
1 0.695726 0.127382 0.0167942 0.243828 0.697631
3 0.711321 0.251632 0.0148681 0.0171302 0.65431
4 0.430377 0.46954 0.0263038 0.0390632 0.635551
2 0.36788 0.266356 0.0150829 0.0164449 0.618506
1 0.412815 0.119586 0.0119572 0.238613 0.61249
2 0.872143 0.329066 0.0175751 0.020886 0.589698
2 0.882965 0.262551 0.0153972 0.0190713 0.560368
3 0.397657 0.243569 0.0148595 0.0175584 0.35451
3 0.298677 0.239586 0.0163549 0.0199137 0.285197
3 0.711848 0.256449 0.0152201 0.019194 0.272835
2 0.715105 0.283249 0.0157746 0.0193629 0.270673
