0 0.493489 0.481897 0.0245324 0.0429486 0.916391
2 0.481346 0.956235 0.041816 0.0645984 0.871163
4 0.51474 0.526343 0.0218348 0.0205452 0.810647
1 0.66343 0.717658 0.0360949 0.564684 0.778251
4 0.418693 0.420532 0.0191087 0.0137637 0.696957
1 0.276873 0.306516 0.01189 0.185507 0.67075
3 0.10624 0.584769 0.0199172 0.0214784 0.65324
1 0.834681 0.844789 0.0596191 0.310423 0.519889
1 0.486069 0.297757 0.00615139 0.172249 0.501639
2 0.523346 0.397532 0.0122124 0.0142527 0.492559
3 0.268562 0.404129 0.0123135 0.0149265 0.475811
3 0.181194 0.40788 0.0125809 0.0150383 0.458873
2 0.182397 0.460854 0.0143695 0.0185109 0.436099
2 0.187207 0.832476 0.0238485 0.0391039 0.421396
3 0.187297 0.837478 0.0243745 0.0458092 0.414492
1 0.276617 0.301223 0.00787373 0.187368 0.385214
