0 0.497913 0.462772 0.022736 0.0428253 0.937372
2 0.561366 0.738466 0.0272791 0.0493617 0.81181
2 0.24059 0.6808 0.0350835 0.0433911 0.811577
1 0.796732 0.464747 0.0342823 0.854635 0.650173
3 0.164366 0.436365 0.0163505 0.0153647 0.618003
1 0.262275 0.342005 0.0086524 0.186817 0.616352
1 0.800637 0.414966 0.0308843 0.746495 0.495192
1 0.469471 0.335226 0.007576 0.176085 0.469401
3 0.773914 0.90101 0.0300593 0.0373224 0.464924
3 0.614785 0.497675 0.0192267 0.0234195 0.433306
2 0.173401 0.463364 0.0141804 0.0160976 0.427493
2 0.11629 0.439903 0.0152977 0.0175487 0.37002
4 0.766946 0.62615 0.0232303 0.0284052 0.365447
1 0.994043 0.794805 0.0119132 0.410391 0.338818
3 0.113618 0.538922 0.0191994 0.023966 0.31979
1 0.790278 0.672426 0.0386373 0.433063 0.314754
