0 0.497983 0.462715 0.0228081 0.0429768 0.934145
2 0.24068 0.680642 0.0352082 0.0435335 0.811767
2 0.561357 0.738371 0.0273484 0.0491961 0.806355
1 0.796798 0.46487 0.0341451 0.85392 0.657656
1 0.262262 0.341772 0.00879412 0.186697 0.622381
3 0.164479 0.436354 0.0163929 0.015607 0.606373
1 0.80069 0.415596 0.030594 0.747499 0.502064
3 0.774584 0.901045 0.0305248 0.037354 0.487726
1 0.469392 0.333907 0.0074459 0.178482 0.472471
2 0.173354 0.463469 0.014106 0.0160936 0.461986
3 0.614304 0.497645 0.019239 0.0235982 0.383024
3 0.11363 0.538846 0.0192356 0.0242952 0.366873
4 0.767023 0.626077 0.0232371 0.0286701 0.34962
1 0.790094 0.676077 0.0389142 0.427199 0.332737
1 0.99436 0.784366 0.0112807 0.431267 0.324637
2 0.614549 0.501018 0.0190023 0.0251577 0.288675
