0 0.498084 0.462761 0.0231085 0.0429865 0.932419
2 0.24083 0.680939 0.0353068 0.0439305 0.816748
2 0.561091 0.738384 0.0264337 0.0479804 0.806827
1 0.796746 0.463283 0.0343918 0.853967 0.650446
3 0.164364 0.436324 0.0165393 0.015826 0.621073
1 0.262098 0.341769 0.00885776 0.186807 0.618746
1 0.800806 0.415939 0.0306746 0.749759 0.52781
1 0.469428 0.333968 0.00742647 0.177251 0.478722
3 0.774439 0.901129 0.0294771 0.0364693 0.468869
3 0.614922 0.497604 0.0197561 0.0239375 0.457807
2 0.173378 0.463297 0.0140898 0.0161423 0.432026
1 0.994254 0.789457 0.0114927 0.421086 0.344129
4 0.766927 0.626092 0.0228594 0.0285299 0.31277
1 0.790559 0.674103 0.0412236 0.434845 0.304523
2 0.116298 0.439963 0.0150745 0.017459 0.273046
