0 0.493414 0.486135 0.0251282 0.0461777 0.920932
4 0.514333 0.532897 0.0208227 0.0226593 0.882698
3 0.106922 0.599851 0.0188144 0.0212616 0.810644
1 0.663375 0.764131 0.0364308 0.469735 0.800061
3 0.180111 0.404143 0.0124872 0.0154536 0.766899
2 0.635233 0.408045 0.0162796 0.0200488 0.708959
2 0.188671 0.864995 0.0251819 0.0344137 0.694791
1 0.276818 0.300602 0.0119303 0.182039 0.663151
2 0.182645 0.461171 0.0142069 0.0184089 0.558613
4 0.4171 0.41952 0.0274639 0.0138078 0.554694
4 0.363641 0.447736 0.0218735 0.0187746 0.519932
1 0.485828 0.288279 0.00707875 0.173866 0.485835
2 0.477745 0.986004 0.0294723 0.027991 0.482285
1 0.27631 0.293456 0.00781509 0.181635 0.436443
3 0.134944 0.407653 0.0145154 0.0150446 0.398858
3 0.268319 0.394915 0.0148455 0.0167379 0.387724
2 0.276657 0.418744 0.0149526 0.014605 0.377954
3 0.594093 0.379151 0.0184681 0.0218854 0.284631
