0 0.536626 0.488293 0.0357815 0.0666596 0.885894
3 0.118816 0.438709 0.0249185 0.034158 0.779015
3 0.832836 0.295686 0.0139572 0.0158546 0.759167
2 0.871672 0.359299 0.0146588 0.0200761 0.705779
1 0.72324 0.184921 0.0155567 0.213285 0.606683
3 0.735787 0.289474 0.0125334 0.0152684 0.597581
1 0.480723 0.174648 0.00700858 0.201218 0.587915
3 0.666015 0.485224 0.0224753 0.0328199 0.57164
2 0.880503 0.297517 0.0129688 0.0170569 0.522676
3 0.431336 0.468956 0.0192797 0.0275363 0.493314
2 0.323315 0.327664 0.0152683 0.0198072 0.363607
2 0.741004 0.318421 0.0126596 0.0148446 0.339855
1 0.723978 0.186052 0.0100941 0.219688 0.305404
