0 0.497917 0.462793 0.0227587 0.0428354 0.93677
2 0.561361 0.73847 0.0272532 0.0493519 0.811954
2 0.240589 0.68079 0.0350606 0.0433867 0.811328
1 0.796708 0.464633 0.0343749 0.854455 0.651128
3 0.164368 0.436364 0.0163472 0.0153771 0.618441
1 0.262274 0.341958 0.00867301 0.1869 0.616156
1 0.800627 0.414509 0.0308886 0.745535 0.497976
1 0.469477 0.335356 0.00759371 0.175815 0.468836
3 0.773899 0.901005 0.0300385 0.0373033 0.464903
3 0.614799 0.497647 0.0193059 0.0234563 0.432829
2 0.1734 0.463359 0.0141778 0.0161033 0.427476
2 0.11629 0.439904 0.015288 0.0175526 0.370667
4 0.766946 0.626157 0.0231954 0.0284132 0.363306
1 0.994046 0.794785 0.011908 0.410429 0.338032
3 0.113617 0.538925 0.0191973 0.0239719 0.318714
1 0.790313 0.671879 0.0386212 0.434197 0.3071
