4 0.374146 0.952729 0.07945 0.0886755 0.919967
0 0.507647 0.496627 0.0361633 0.0653919 0.901793
3 0.720599 0.293668 0.0117423 0.0141805 0.797182
4 0.574186 0.331053 0.0318428 0.0169471 0.774577
3 0.0962311 0.445595 0.0219612 0.0348214 0.724482
2 0.30509 0.334521 0.0137892 0.0172905 0.644298
1 0.708538 0.18817 0.0155124 0.211524 0.604305
3 0.816589 0.300308 0.0147676 0.0179426 0.536786
2 0.864404 0.303876 0.0145801 0.0174988 0.517905
1 0.467067 0.182767 0.00724849 0.201882 0.49347
2 0.433971 0.306228 0.0126837 0.0150144 0.468841
2 0.851274 0.365575 0.0145912 0.0200557 0.368215
3 0.406069 0.474173 0.0215527 0.0279566 0.278911
