0 0.536622 0.488279 0.0358074 0.0659783 0.886194
3 0.11878 0.438704 0.0250783 0.034141 0.781796
3 0.832822 0.29571 0.0139679 0.0158066 0.762576
2 0.871697 0.359283 0.0145901 0.0200712 0.699718
1 0.723252 0.185095 0.0154511 0.213687 0.614341
3 0.735836 0.289548 0.0125808 0.0154816 0.61098
1 0.480731 0.174665 0.00697983 0.20156 0.594026
2 0.88059 0.297542 0.0129829 0.0169441 0.536165
3 0.665858 0.485213 0.0224319 0.0331635 0.531048
3 0.431286 0.468867 0.0197979 0.0279825 0.500978
2 0.323119 0.327914 0.0154251 0.0195899 0.413288
1 0.723996 0.186304 0.0101046 0.219319 0.304456
2 0.740972 0.318419 0.0126152 0.0148359 0.303041
