0 0.737466 0.8634 0.0760453 0.130163 0.946154
4 0.460929 0.496441 0.0578348 0.0393469 0.865861
3 0.168576 0.427203 0.0204404 0.024745 0.830027
1 0.183533 0.249863 0.0284908 0.349948 0.789056
2 0.884389 0.457717 0.0218395 0.0281965 0.751012
2 0.649785 0.417448 0.0208164 0.0239098 0.676604
1 0.569781 0.214404 0.0127229 0.313651 0.638491
2 0.172626 0.498559 0.0206266 0.0264458 0.561037
2 0.753475 0.34263 0.0174985 0.0205265 0.549889
3 0.589585 0.366823 0.018103 0.0245052 0.502416
3 0.701966 0.350233 0.0185078 0.0192191 0.462601
