0 0.536509 0.488362 0.0355759 0.0662582 0.892038
3 0.118684 0.438656 0.0248829 0.0343308 0.777184
3 0.832731 0.295534 0.0139124 0.0156931 0.768807
2 0.871711 0.359317 0.0145905 0.0199404 0.69976
1 0.723255 0.184872 0.0154661 0.21382 0.621208
3 0.735886 0.289558 0.0125982 0.0154301 0.599768
1 0.480867 0.174712 0.00695021 0.201185 0.591159
3 0.665864 0.485116 0.022234 0.0328294 0.534727
2 0.880434 0.297336 0.0128906 0.0168631 0.522982
3 0.431295 0.468806 0.0197971 0.0282436 0.475239
2 0.741062 0.318493 0.0126924 0.0148271 0.322331
1 0.723996 0.185887 0.0100943 0.220161 0.31356
2 0.323524 0.327348 0.0153447 0.0202819 0.289264
