0 0.536626 0.488293 0.0357828 0.0666641 0.885677
3 0.118811 0.438709 0.02493 0.0341524 0.779462
3 0.832846 0.295663 0.0139296 0.0158707 0.756934
2 0.871632 0.359297 0.014698 0.0201396 0.703899
1 0.723238 0.184917 0.0155496 0.213273 0.6058
3 0.735787 0.289475 0.012529 0.0152705 0.596691
1 0.480721 0.174657 0.00701979 0.201199 0.589021
3 0.666017 0.485232 0.0224853 0.032833 0.574954
2 0.880505 0.297523 0.0129582 0.0170627 0.521802
3 0.431339 0.468962 0.0192506 0.0275261 0.488857
2 0.323324 0.327642 0.0152661 0.0198443 0.365297
2 0.741002 0.318416 0.0126549 0.0148484 0.340357
1 0.723979 0.186057 0.010088 0.219668 0.305523
