0 0.553528 0.490744 0.0353507 0.0635916 0.936452
4 0.591165 0.555451 0.0351096 0.0361635 0.836947
2 0.569484 0.38084 0.015255 0.0185272 0.788055
2 0.0661483 0.398779 0.0159576 0.0198208 0.714696
1 0.252173 0.267191 0.0150639 0.233095 0.700325
2 0.114194 0.459336 0.0184821 0.0229115 0.674661
3 0.240577 0.38321 0.0140441 0.0164776 0.639863
3 0.534617 0.360857 0.0136338 0.0165466 0.624492
3 0.126487 0.395366 0.0197375 0.0199206 0.583336
4 0.436603 0.407751 0.03426 0.0162463 0.538571
3 0.617874 0.354065 0.0116107 0.0145816 0.537518
1 0.516827 0.251652 0.00771582 0.211172 0.529133
2 0.659117 0.349954 0.0130422 0.0138032 0.433382
3 0.240256 0.38501 0.0179692 0.0203395 0.386477
