0 0.666608 0.807636 0.0556791 0.103791 0.94399
4 0.456894 0.511397 0.0487075 0.0356924 0.855024
4 0.744956 0.966719 0.0763088 0.0665622 0.844215
2 0.205938 0.514982 0.0202745 0.0240426 0.823945
3 0.198063 0.450276 0.0192087 0.0245079 0.794105
3 0.0436826 0.473059 0.0221942 0.0243199 0.782098
1 0.553901 0.255928 0.0137194 0.276132 0.744235
1 0.212095 0.292846 0.0228536 0.310818 0.728548
2 0.624364 0.43918 0.0191987 0.0229452 0.690807
3 0.573469 0.39321 0.0161794 0.0215093 0.610779
2 0.828518 0.476797 0.0218052 0.0262088 0.595149
3 0.675377 0.374426 0.0172259 0.0180467 0.569879
3 0.00771195 0.658716 0.0152804 0.0435656 0.37735
