0 0.553451 0.49069 0.0353371 0.0635582 0.937515
4 0.591103 0.555464 0.0351704 0.0363814 0.832922
2 0.56951 0.380573 0.0149551 0.018357 0.790102
2 0.0660851 0.398737 0.0159082 0.0195964 0.711888
1 0.252172 0.267575 0.01501 0.232453 0.695132
2 0.114248 0.459235 0.0185676 0.0230125 0.669779
3 0.240495 0.38331 0.0142641 0.0165184 0.639349
3 0.534872 0.360911 0.0135781 0.0164591 0.592301
3 0.126568 0.395232 0.0196493 0.0198079 0.560128
4 0.436505 0.407594 0.0338576 0.0159071 0.553074
1 0.517028 0.251616 0.00758246 0.21111 0.525539
3 0.61767 0.35386 0.0114477 0.0145554 0.504558
2 0.659393 0.350592 0.0129453 0.0139113 0.439837
3 0.240155 0.384991 0.0181176 0.0205997 0.401059
