0 0.553498 0.490696 0.0353708 0.0635162 0.935437
4 0.591074 0.5553 0.0350937 0.0364336 0.836558
2 0.569469 0.380799 0.0152504 0.0183575 0.784088
2 0.0659402 0.398835 0.0158699 0.0197287 0.711245
1 0.252156 0.267166 0.0151744 0.233227 0.703753
2 0.114167 0.459336 0.0185594 0.0230814 0.67994
3 0.240551 0.383381 0.014172 0.0164537 0.636137
3 0.534932 0.360925 0.0137814 0.0165658 0.594679
3 0.126599 0.395258 0.0198809 0.0197892 0.56189
4 0.436574 0.40778 0.0343634 0.0160647 0.535741
3 0.61761 0.354039 0.0114112 0.0143604 0.52682
1 0.516931 0.251949 0.00782825 0.210641 0.526261
2 0.659022 0.350554 0.0132446 0.0141407 0.419659
3 0.240191 0.38521 0.0180027 0.0203139 0.400574
