0 0.643494 0.53 0.0392003 0.0703826 0.906139
4 0.209852 0.89971 0.0886244 0.0938567 0.878396
4 0.692326 0.520886 0.0365908 0.0356732 0.825983
4 0.883807 0.374799 0.0402162 0.0201472 0.817196
3 0.359786 0.384051 0.0290172 0.0305472 0.719158
2 0.748176 0.318797 0.0162729 0.0215883 0.683817
2 0.0534936 0.543713 0.0263691 0.037042 0.654346
1 0.81019 0.190827 0.0156591 0.226876 0.592932
2 0.601622 0.322407 0.0159737 0.0224237 0.329221
2 0.661791 0.272853 0.0145123 0.0165182 0.321178
3 0.70234 0.283651 0.0149588 0.0208905 0.306157
2 0.596411 0.319779 0.0163952 0.0236021 0.287113
