4 0.232026 0.951437 0.047102 0.0490241 0.854845
0 0.17304 0.980042 0.0391267 0.0382134 0.853276
2 0.717402 0.782701 0.0222291 0.0235779 0.820717
4 0.441064 0.689289 0.0319183 0.0236239 0.809497
2 0.792734 0.670123 0.0177723 0.0202605 0.780484
2 0.256853 0.579806 0.0129622 0.0165795 0.762952
3 0.738468 0.661679 0.0201649 0.0216781 0.729906
3 0.636656 0.645056 0.016225 0.0204682 0.671259
2 0.328494 0.63871 0.0159264 0.0187089 0.670739
2 0.614734 0.691794 0.0175788 0.0172322 0.634246
1 0.383043 0.499965 0.00895767 0.192911 0.632151
1 0.620442 0.532575 0.00893546 0.223105 0.580722
3 0.371165 0.600945 0.0145903 0.0170782 0.431456
2 0.911847 0.426353 0.0163937 0.0255547 0.413163
3 0.292573 0.586381 0.0157475 0.0191026 0.391032
