0 0.536546 0.488245 0.0356005 0.0661985 0.890074
3 0.118837 0.438514 0.0249877 0.0342083 0.785723
3 0.832832 0.2957 0.0140183 0.0158134 0.756303
2 0.871621 0.359196 0.0147093 0.0201148 0.70202
1 0.72323 0.184745 0.0156603 0.213952 0.623625
3 0.735767 0.28951 0.0125516 0.0154028 0.614643
1 0.480786 0.174742 0.00696165 0.201184 0.587357
2 0.880337 0.297443 0.0129196 0.016901 0.530472
3 0.66584 0.485335 0.0220907 0.0327386 0.519516
3 0.431171 0.469104 0.0198506 0.0281184 0.493098
2 0.741084 0.318399 0.0125778 0.0147821 0.312704
1 0.723963 0.185899 0.0101269 0.21976 0.299607
2 0.323249 0.327592 0.01512 0.0197351 0.293222
