0 0.779269 0.697531 0.0527551 0.0957185 0.952514
4 0.200546 0.675586 0.0683669 0.0547276 0.904019
4 0.905101 0.754413 0.087051 0.0579119 0.834528
3 0.78932 0.443667 0.0224791 0.0241356 0.812572
4 0.860107 0.636276 0.0449248 0.0437039 0.801626
2 0.432804 0.450972 0.021987 0.0210701 0.776791
3 0.1014 0.492449 0.0214335 0.0367239 0.755567
2 0.208888 0.403503 0.0172406 0.0211669 0.713468
2 0.237924 0.508959 0.0203914 0.0311077 0.708444
3 0.178804 0.42956 0.018282 0.0229643 0.706926
1 0.0635109 0.327431 0.0313768 0.365892 0.6448
