4 0.54793 0.754677 0.0199292 0.0149846 0.775913
3 0.328233 0.819933 0.0185189 0.0222798 0.767686
1 0.632836 0.675902 0.00936976 0.106388 0.748733
2 0.674071 0.799311 0.01387 0.0203873 0.714656
3 0.239213 0.930964 0.0221734 0.0291563 0.551246
2 0.411555 0.565276 0.0127012 0.0187829 0.465107
3 0.682588 0.913844 0.0139734 0.0170117 0.433406
1 0.506115 0.649379 0.00638217 0.100341 0.404465
2 0.485237 0.72563 0.0131067 0.0176245 0.364719
3 0.689582 0.739708 0.0112108 0.0141518 0.315208
0 0.482495 0.873368 0.0197809 0.0295568 0.281567
2 0.715568 0.743786 0.011626 0.0151964 0.251091
