0 0.771074 0.684976 0.0509364 0.0890493 0.935937
4 0.186477 0.685474 0.0703297 0.0586154 0.897094
3 0.755557 0.423665 0.0208547 0.0202575 0.848251
4 0.892628 0.731399 0.0872738 0.0567872 0.824318
2 0.209889 0.508771 0.0188396 0.0271733 0.803964
2 0.170155 0.400179 0.0173943 0.0224826 0.769904
2 0.404496 0.442877 0.0213119 0.0223563 0.734645
3 0.0627989 0.498043 0.0206556 0.0307119 0.728893
3 0.141956 0.426111 0.0176189 0.0221331 0.724836
4 0.841903 0.617336 0.0451019 0.0449361 0.723009
1 0.0236138 0.319944 0.0472276 0.3853 0.712031
