0 0.666604 0.807623 0.055689 0.103716 0.944273
4 0.456887 0.511398 0.048719 0.0356747 0.854864
4 0.744936 0.966765 0.0761877 0.0664698 0.841082
2 0.205937 0.514981 0.0202554 0.0240305 0.823843
3 0.198066 0.450265 0.0191973 0.0244833 0.794224
3 0.0436786 0.473057 0.022187 0.0242946 0.781956
1 0.553904 0.25591 0.0137217 0.276169 0.744366
1 0.212097 0.29283 0.0228539 0.310823 0.728937
2 0.624367 0.439183 0.0191785 0.0229416 0.690454
3 0.573469 0.393198 0.0161726 0.021521 0.609458
2 0.828466 0.476722 0.0216752 0.0260185 0.591978
3 0.675392 0.374421 0.0172182 0.0180197 0.570713
3 0.00771223 0.658688 0.0152798 0.0434349 0.376496
