0 0.577678 0.735458 0.0343204 0.0646576 0.928205
4 0.617748 0.832377 0.0476226 0.0548426 0.902127
4 0.449642 0.536214 0.0375887 0.0282472 0.842616
2 0.130784 0.643335 0.0194427 0.0245727 0.807502
2 0.730504 0.510363 0.0189499 0.0263227 0.806001
3 0.136115 0.508769 0.0177385 0.0207771 0.788143
3 0.250538 0.488817 0.0180381 0.0216938 0.778091
3 0.626721 0.423542 0.0148625 0.0189696 0.703724
2 0.0761677 0.517558 0.0205919 0.0208347 0.685725
1 0.261596 0.369308 0.0177076 0.231803 0.684259
2 0.262255 0.539918 0.0161089 0.0194993 0.599881
3 0.542738 0.43885 0.015616 0.0201296 0.582643
1 0.527005 0.330784 0.00997733 0.215524 0.543791
2 0.580667 0.479071 0.018262 0.0212828 0.485854
3 0.541313 0.436926 0.0144292 0.0209605 0.396965
2 0.66499 0.416627 0.0142014 0.0190365 0.347319
