0 0.556042 0.524993 0.0346458 0.064331 0.931604
4 0.594687 0.603949 0.039925 0.043211 0.89929
4 0.432857 0.394038 0.0399889 0.0200132 0.726928
2 0.0616625 0.380436 0.0169954 0.0214213 0.718876
3 0.530705 0.320599 0.0151029 0.019117 0.689108
1 0.247437 0.234835 0.017492 0.235094 0.677715
2 0.566696 0.351999 0.0180063 0.0198845 0.672092
2 0.11219 0.468798 0.0172501 0.0237937 0.666521
3 0.236443 0.35839 0.0173224 0.0229784 0.665109
3 0.123125 0.373234 0.0192124 0.0217998 0.646439
3 0.615791 0.310926 0.0145531 0.0166628 0.620617
2 0.710119 0.373196 0.0170619 0.0354601 0.570221
1 0.51426 0.213307 0.00872117 0.219179 0.567298
2 0.248195 0.395363 0.0166158 0.0190987 0.527377
3 0.614417 0.309318 0.0141346 0.0187257 0.420094
3 0.612421 0.310554 0.0163915 0.0175096 0.391487
