0 0.553502 0.490658 0.0353458 0.063551 0.937196
4 0.59113 0.555361 0.0350971 0.0361361 0.836235
2 0.56942 0.380775 0.0151297 0.0181884 0.788198
4 0.389074 0.49253 0.0226513 0.0271171 0.749256
1 0.252138 0.26707 0.0151754 0.233151 0.711562
2 0.0658982 0.398816 0.0156508 0.0193343 0.705532
2 0.114134 0.459396 0.0183596 0.0227247 0.669768
3 0.240621 0.383417 0.0139951 0.0164492 0.641143
3 0.534895 0.360946 0.0137836 0.0165804 0.607389
3 0.126533 0.395318 0.0199093 0.0197368 0.579904
1 0.51704 0.251796 0.00760393 0.208451 0.526112
3 0.617602 0.354021 0.0113156 0.0141317 0.51459
4 0.43659 0.407846 0.034975 0.0163765 0.469744
2 0.659111 0.350265 0.0132833 0.0142426 0.404393
3 0.240222 0.385167 0.0179127 0.0202504 0.3929
