0 0.497876 0.462821 0.0228111 0.0428683 0.937397
2 0.240587 0.680796 0.0351321 0.0434873 0.81156
2 0.561344 0.738351 0.0272455 0.0491564 0.81026
1 0.79672 0.464771 0.034326 0.85457 0.65113
3 0.16438 0.436354 0.0163878 0.0153946 0.619363
1 0.262283 0.341952 0.00867357 0.18693 0.616702
1 0.800691 0.414468 0.0307553 0.745734 0.505982
3 0.773895 0.900996 0.0299875 0.0372767 0.473498
1 0.469496 0.335318 0.00758133 0.175819 0.470758
3 0.614762 0.497617 0.0195755 0.023535 0.448644
2 0.173403 0.463362 0.0141919 0.0160978 0.428413
2 0.116288 0.439917 0.0153132 0.0175467 0.373524
4 0.766929 0.626171 0.0232008 0.0283111 0.349125
1 0.994042 0.794616 0.0119154 0.410769 0.337449
1 0.790304 0.67129 0.0385666 0.435479 0.31177
3 0.113633 0.539014 0.0190749 0.0241384 0.29724
