4 0.275311 0.60533 0.0491943 0.0345653 0.848274
2 0.73494 0.750157 0.033354 0.0375719 0.801174
2 0.851722 0.579455 0.0254422 0.0264304 0.76911
2 0.129351 0.53933 0.019964 0.0230259 0.766508
3 0.764775 0.565973 0.0273182 0.0270848 0.740458
2 0.563643 0.609729 0.0223061 0.0193784 0.677258
1 0.235289 0.350258 0.0160512 0.300794 0.668326
3 0.602011 0.549295 0.020696 0.0214517 0.658827
1 0.58102 0.368695 0.0137493 0.338224 0.639683
3 0.112632 0.481103 0.015746 0.0203641 0.503618
3 0.22077 0.497578 0.0173346 0.0222771 0.495914
2 0.0664917 0.474263 0.014917 0.0171233 0.422084
