0 0.5554 0.544017 0.0345409 0.0653834 0.932156
4 0.594793 0.623449 0.0398046 0.0442297 0.854288
4 0.433142 0.405318 0.0379601 0.0228741 0.829576
3 0.122524 0.384619 0.0190177 0.0204351 0.794931
2 0.564693 0.363746 0.0164498 0.0202397 0.742642
1 0.247111 0.24932 0.0182067 0.235096 0.684152
2 0.112655 0.486241 0.0171066 0.0229834 0.681656
2 0.654222 0.315125 0.013426 0.0167756 0.631485
2 0.0610133 0.39202 0.0172881 0.0211952 0.612418
3 0.531796 0.331965 0.0151903 0.0187259 0.605639
1 0.514295 0.225296 0.00884963 0.216324 0.586097
4 0.404493 0.490659 0.022081 0.0271708 0.570106
2 0.247529 0.408254 0.0160601 0.0187186 0.566745
2 0.713393 0.38503 0.0149808 0.0299214 0.438907
3 0.615533 0.320567 0.0137441 0.0162398 0.344578
2 0.992957 0.51903 0.0138732 0.0390795 0.257769
