0 0.525607 0.493166 0.0348378 0.0693578 0.900621
3 0.111379 0.44176 0.0249743 0.0365822 0.744168
4 0.580572 0.328623 0.0309363 0.0181597 0.691491
4 0.385854 0.950164 0.0728236 0.0961641 0.680284
1 0.718059 0.183563 0.0122343 0.211445 0.669399
1 0.476386 0.180872 0.00701544 0.204444 0.585777
2 0.316771 0.330525 0.0152699 0.0174809 0.57035
3 0.728788 0.291275 0.0124622 0.0135355 0.502914
3 0.655426 0.491303 0.0218519 0.0326643 0.452805
2 0.862024 0.363713 0.0160939 0.0194623 0.427133
3 0.826889 0.299461 0.015212 0.0176051 0.355186
2 0.735571 0.320546 0.0133323 0.0168235 0.259002
1 0.476559 0.180347 0.0103973 0.203522 0.253936
