0 0.394036 0.489005 0.0511696 0.0904389 0.944548
4 0.525635 0.29044 0.0383 0.0191774 0.752322
1 0.695733 0.127414 0.0168134 0.243719 0.699264
3 0.711319 0.251624 0.0148623 0.0171268 0.653911
4 0.430387 0.469541 0.0262888 0.0390553 0.637126
2 0.367888 0.26636 0.015121 0.0164395 0.619433
1 0.412809 0.119568 0.0119713 0.238688 0.612829
2 0.872141 0.329062 0.0175768 0.0208723 0.588865
2 0.882964 0.262551 0.0153889 0.0190579 0.559348
3 0.397651 0.243565 0.0148787 0.0175735 0.354252
3 0.298632 0.239619 0.0163779 0.0198786 0.29261
3 0.711846 0.256443 0.0152089 0.019169 0.273015
2 0.715106 0.283256 0.015766 0.0193455 0.269541
