0 0.293912 0.680467 0.0539411 0.0877981 0.923476
4 0.339936 0.637359 0.0404636 0.0503804 0.888204
3 0.66621 0.336363 0.0150084 0.0192327 0.708394
4 0.474795 0.387457 0.0439732 0.0226309 0.70399
2 0.323015 0.352827 0.0161562 0.0187147 0.686071
2 0.214305 0.309956 0.0143563 0.0158298 0.669373
1 0.651916 0.209325 0.0145763 0.250762 0.669082
3 0.260765 0.314503 0.0165892 0.018779 0.66195
2 0.838953 0.349174 0.0156733 0.0192144 0.657089
2 0.813145 0.442435 0.0199818 0.0234603 0.651469
3 0.357552 0.318738 0.015064 0.01871 0.633372
1 0.370513 0.200225 0.0111551 0.228308 0.626866
3 0.78018 0.346037 0.02033 0.0212384 0.516599
2 0.665205 0.376753 0.0137317 0.0169678 0.507642
