0 0.49791 0.462787 0.0227959 0.042824 0.936648
2 0.240588 0.680787 0.035085 0.043412 0.811812
2 0.561365 0.738438 0.0272827 0.0492889 0.811653
1 0.796708 0.464658 0.0343371 0.854356 0.650455
3 0.164367 0.43637 0.0163503 0.015389 0.618844
1 0.262275 0.341966 0.00868658 0.186883 0.61628
1 0.800619 0.414469 0.0308561 0.745749 0.501459
1 0.469487 0.335319 0.00762156 0.175855 0.470394
3 0.773914 0.901006 0.0300575 0.0373019 0.467994
3 0.614796 0.497639 0.0194294 0.0234973 0.439898
2 0.173401 0.463361 0.0141859 0.0161076 0.427787
2 0.116292 0.439883 0.0153093 0.0175768 0.371305
4 0.766943 0.626163 0.0231899 0.0283675 0.359769
1 0.994045 0.794941 0.0119094 0.410118 0.337936
3 0.113616 0.538926 0.0192067 0.0239672 0.319996
1 0.790314 0.671561 0.0385984 0.434838 0.306502
