0 0.394039 0.489007 0.051192 0.0904069 0.944133
4 0.525629 0.290442 0.0382821 0.0191768 0.751696
1 0.695728 0.127382 0.0167896 0.243821 0.698369
3 0.71132 0.251625 0.0148605 0.0171075 0.652226
4 0.430387 0.469522 0.0263189 0.0390568 0.640699
2 0.367901 0.266361 0.0151407 0.0164607 0.61984
1 0.412802 0.119574 0.0119804 0.238704 0.612673
2 0.872146 0.32905 0.0175578 0.020802 0.586477
2 0.882961 0.262551 0.0153603 0.0190014 0.55714
3 0.397651 0.243571 0.0148929 0.0176033 0.355446
3 0.298634 0.239604 0.016297 0.0198547 0.29208
3 0.711841 0.256433 0.0152056 0.019142 0.271493
2 0.715104 0.283258 0.0157598 0.0193399 0.269206
