0 0.737524 0.863568 0.0759632 0.130357 0.945111
4 0.460919 0.496412 0.057578 0.0390462 0.865379
3 0.168411 0.427242 0.0206384 0.0248095 0.826925
1 0.183435 0.249548 0.0286119 0.35033 0.799558
2 0.884435 0.457781 0.0216267 0.0282724 0.755639
2 0.649751 0.417385 0.0208054 0.0238611 0.673006
1 0.569819 0.214203 0.0126053 0.313638 0.631478
2 0.172503 0.498455 0.0207013 0.026528 0.562035
2 0.752864 0.342375 0.0173626 0.0204664 0.501374
3 0.589452 0.366806 0.0179488 0.0243159 0.489478
3 0.702114 0.350205 0.0184866 0.0191317 0.472861
