0 0.493333 0.486238 0.025151 0.0460801 0.921839
4 0.514416 0.532912 0.0210366 0.0229953 0.891265
3 0.106893 0.600034 0.0189533 0.0212345 0.809412
1 0.663643 0.76415 0.0364931 0.470549 0.798916
3 0.180327 0.404154 0.012767 0.0154848 0.774314
2 0.635254 0.407712 0.0161848 0.0199803 0.746058
2 0.188558 0.865129 0.0254381 0.0348818 0.699156
1 0.276875 0.30026 0.0119691 0.181242 0.668057
2 0.182706 0.461408 0.0140709 0.018338 0.589828
4 0.417516 0.419651 0.0270962 0.0137485 0.586706
2 0.477602 0.986022 0.0298359 0.0279559 0.511334
1 0.485898 0.288225 0.00709199 0.174378 0.50397
4 0.363649 0.447867 0.0217321 0.0183084 0.449151
1 0.276343 0.293241 0.00782157 0.181518 0.430722
3 0.268336 0.394669 0.0149047 0.0166623 0.406579
2 0.276562 0.418679 0.0148008 0.0145019 0.349516
3 0.591295 0.380694 0.0190721 0.0223891 0.330028
2 0.13491 0.407897 0.0145644 0.0153021 0.276521
