0 0.791804 0.850666 0.0679118 0.119653 0.955743
4 0.380476 0.618261 0.0476754 0.0406057 0.801947
2 0.530018 0.530469 0.0197179 0.023876 0.784063
2 0.739425 0.53988 0.0223169 0.0229656 0.744792
1 0.0375996 0.398974 0.030305 0.388445 0.741176
3 0.0161326 0.600596 0.0241222 0.0248673 0.700231
2 0.0532379 0.665466 0.0243487 0.02476 0.660829
1 0.42891 0.353729 0.0105831 0.291058 0.641198
4 0.94425 0.97587 0.105152 0.0482609 0.626676
3 0.449617 0.49641 0.0160074 0.0201848 0.528073
3 0.552483 0.473026 0.0167576 0.0190442 0.495459
2 0.589647 0.461902 0.0156376 0.0166479 0.284778
