4 0.312331 0.955105 0.0850016 0.0869315 0.934373
0 0.482049 0.498615 0.0370789 0.0665953 0.921955
4 0.554049 0.332091 0.0287907 0.0158638 0.755382
3 0.0757964 0.44551 0.0236238 0.03445 0.721138
1 0.695045 0.187473 0.0125203 0.207264 0.677668
3 0.707019 0.294191 0.011816 0.0133612 0.610734
1 0.453252 0.18484 0.00818655 0.2051 0.525572
2 0.419686 0.308883 0.0131819 0.0154804 0.498525
2 0.291362 0.334244 0.0157104 0.0186952 0.458463
1 0.692684 0.191861 0.0147222 0.218875 0.45086
2 0.83428 0.366585 0.0172215 0.0204536 0.435498
3 0.384943 0.47599 0.0216677 0.0285109 0.278565
