4 0.3122 0.955134 0.0851192 0.0869027 0.936969
0 0.482202 0.498703 0.0373584 0.0666029 0.91586
4 0.554448 0.332519 0.0280272 0.0162916 0.78359
3 0.0763152 0.445295 0.02389 0.0348856 0.723904
1 0.695209 0.187913 0.0124699 0.207043 0.674579
3 0.706568 0.293997 0.0117712 0.0131579 0.593713
1 0.693193 0.194269 0.0140617 0.210753 0.582955
1 0.453304 0.184636 0.0080984 0.204953 0.52136
2 0.419853 0.308717 0.0131188 0.0154653 0.501019
2 0.291514 0.334369 0.0156799 0.018749 0.475975
2 0.834298 0.366726 0.017252 0.0207166 0.417428
3 0.384858 0.475917 0.0219767 0.0289027 0.308577
