0 0.731418 0.95537 0.0741482 0.0852803 0.913438
4 0.45825 0.557183 0.0542726 0.0437669 0.852125
2 0.648134 0.46781 0.0203196 0.0248876 0.775115
2 0.169357 0.561409 0.024139 0.0272448 0.757622
2 0.881513 0.515539 0.0252941 0.031818 0.75323
1 0.181074 0.300348 0.028205 0.346332 0.725409
1 0.566415 0.26171 0.0164752 0.308603 0.690124
3 0.166173 0.480701 0.0205136 0.0260268 0.656508
3 0.587304 0.411525 0.0177727 0.0242095 0.613159
2 0.751609 0.384202 0.017506 0.0218509 0.590322
3 0.699998 0.393011 0.0198302 0.0224531 0.421225
