0 0.656296 0.53875 0.0416685 0.076067 0.91133
4 0.190497 0.88703 0.0900571 0.0867913 0.892567
4 0.931415 0.382055 0.0386642 0.0223375 0.85557
4 0.711324 0.529125 0.0405416 0.0380355 0.836035
2 0.641824 0.320538 0.0153736 0.0211068 0.735418
2 0.0809526 0.525766 0.0248608 0.0347589 0.73377
3 0.391387 0.3767 0.029816 0.029777 0.729193
1 0.86428 0.188997 0.0225441 0.233195 0.652632
2 0.794822 0.320368 0.0178539 0.0230335 0.64441
3 0.747196 0.277613 0.0162983 0.0205402 0.509443
3 0.715892 0.26875 0.0136084 0.0160295 0.452193
1 0.861108 0.190159 0.0154496 0.232407 0.413974
1 0.86735 0.183503 0.0170755 0.222166 0.305371
