0 0.493408 0.486146 0.0251269 0.0461932 0.921441
4 0.514091 0.532945 0.0203743 0.0223881 0.873075
3 0.106919 0.599852 0.0188067 0.021253 0.810439
1 0.663378 0.764214 0.0364615 0.469645 0.800414
3 0.180112 0.404139 0.012478 0.0154475 0.766445
2 0.635263 0.408286 0.0163163 0.0201045 0.706455
2 0.188671 0.864995 0.0251738 0.0344116 0.69584
1 0.276825 0.300591 0.0119286 0.182062 0.663135
4 0.417309 0.419514 0.027223 0.0137453 0.560412
2 0.182647 0.461168 0.0142023 0.0184085 0.55801
4 0.363647 0.447732 0.021901 0.0187637 0.520661
2 0.47776 0.985988 0.0295095 0.0280235 0.485588
1 0.485833 0.288287 0.00707283 0.173851 0.482052
1 0.276312 0.293454 0.00781859 0.181599 0.434561
3 0.134943 0.407649 0.0145081 0.0150366 0.398036
3 0.268312 0.394895 0.0148343 0.0167491 0.390779
3 0.597528 0.379945 0.0176676 0.0217268 0.380796
2 0.276651 0.418742 0.0149491 0.0146044 0.375429
