0 0.553591 0.49071 0.0354186 0.0637763 0.938373
4 0.591378 0.555356 0.0351907 0.0363308 0.82448
2 0.569585 0.380657 0.0152149 0.0183279 0.79941
4 0.389396 0.492445 0.0226789 0.0268687 0.754424
2 0.066402 0.398538 0.0158042 0.0192407 0.71467
1 0.251955 0.267343 0.0153579 0.232625 0.714633
2 0.113957 0.459472 0.0181511 0.0227131 0.660625
3 0.240472 0.383185 0.0140464 0.0163953 0.657712
3 0.535001 0.36111 0.0135182 0.0164728 0.595294
3 0.126553 0.395422 0.0192603 0.0194199 0.53962
3 0.618023 0.354155 0.0117235 0.0144394 0.534827
1 0.516915 0.251885 0.00759715 0.207519 0.528452
4 0.436283 0.407742 0.0350843 0.0161454 0.425021
3 0.24006 0.38493 0.0178951 0.0201659 0.381438
2 0.658957 0.350068 0.0137076 0.0156163 0.351625
