0 0.394025 0.489116 0.0511642 0.0903696 0.945563
4 0.525504 0.290511 0.037946 0.0193084 0.761442
1 0.695762 0.127383 0.0163914 0.243653 0.692652
3 0.711309 0.251767 0.0148513 0.0171424 0.652307
4 0.430399 0.46955 0.0262894 0.0391362 0.637981
2 0.367807 0.266254 0.0151084 0.0165737 0.62013
1 0.412768 0.119691 0.0118402 0.238446 0.606855
2 0.872141 0.329022 0.0175846 0.0209051 0.594148
2 0.883111 0.262408 0.0153975 0.0192719 0.556937
3 0.397277 0.243788 0.0149542 0.017539 0.359322
3 0.71182 0.256584 0.0152393 0.0191749 0.294098
2 0.715177 0.283262 0.0157082 0.0193345 0.285867
3 0.298756 0.23957 0.0161847 0.0200048 0.27139
