4 0.31222 0.955115 0.0851618 0.0869493 0.936912
0 0.482204 0.498676 0.0373581 0.0664572 0.91492
4 0.554439 0.332539 0.0280684 0.0162891 0.781349
3 0.0763124 0.445278 0.0238084 0.034829 0.721719
1 0.695238 0.187933 0.0124954 0.207118 0.675271
3 0.70661 0.293987 0.011788 0.0131578 0.593974
1 0.693221 0.194147 0.0140354 0.210944 0.584582
1 0.453304 0.184645 0.00811768 0.205093 0.524341
2 0.419836 0.308712 0.0130909 0.0154305 0.498839
2 0.291678 0.334153 0.0154848 0.0186353 0.498588
2 0.834322 0.366769 0.0170641 0.0207341 0.406397
2 0.852042 0.307253 0.0147034 0.0175221 0.26098
