0 0.553529 0.490754 0.0353581 0.0635884 0.93646
4 0.591145 0.555471 0.0350265 0.0362168 0.837122
2 0.569488 0.380831 0.0151981 0.0185135 0.7925
2 0.0661664 0.398758 0.0159869 0.0197627 0.714348
1 0.252176 0.267223 0.0150593 0.233034 0.700927
2 0.114198 0.45933 0.018511 0.0228942 0.674128
3 0.240583 0.383211 0.0140334 0.0164602 0.639824
3 0.534629 0.360859 0.0136343 0.016545 0.624388
3 0.126487 0.395361 0.0197336 0.0198973 0.582302
4 0.43661 0.407747 0.0343191 0.0162632 0.539451
3 0.617894 0.354091 0.0115496 0.0145134 0.537762
1 0.516851 0.251587 0.00769274 0.211283 0.528033
2 0.659094 0.350245 0.0129555 0.0138716 0.406493
3 0.240265 0.385014 0.0179566 0.0203193 0.386527
