0 0.55605 0.525003 0.0346125 0.0643276 0.93124
4 0.59468 0.603942 0.0399973 0.0431974 0.89991
4 0.433006 0.393859 0.0388772 0.0199844 0.742012
2 0.0616605 0.380438 0.0169531 0.0213968 0.719776
3 0.530695 0.32058 0.0150755 0.0190194 0.689426
1 0.247441 0.234831 0.0174921 0.235064 0.67928
2 0.566702 0.352001 0.0179758 0.0198469 0.667674
2 0.11219 0.468794 0.0171488 0.0236978 0.663658
3 0.236447 0.358406 0.0173031 0.0229009 0.663079
3 0.123124 0.373234 0.0191681 0.021704 0.644143
3 0.615788 0.310905 0.0144983 0.0166084 0.615439
1 0.514257 0.213249 0.00870057 0.219309 0.567266
2 0.248183 0.395367 0.0165481 0.0190681 0.527753
2 0.711242 0.374099 0.0178663 0.0398347 0.453093
3 0.614424 0.309301 0.0141018 0.0186682 0.420834
3 0.6124 0.310533 0.0163381 0.017464 0.388516
4 0.405247 0.441166 0.0219514 0.0220637 0.349945
