0 0.49813 0.462751 0.023124 0.0429632 0.931922
2 0.240836 0.680937 0.0353717 0.0439258 0.816681
2 0.561132 0.738303 0.026778 0.0486221 0.80714
1 0.796768 0.463414 0.0344061 0.853906 0.650771
3 0.164362 0.436335 0.0165602 0.0158872 0.623439
1 0.262098 0.341798 0.00888138 0.186772 0.619014
1 0.800802 0.416082 0.0307178 0.750074 0.523219
1 0.469434 0.334056 0.00743638 0.177197 0.47864
3 0.774472 0.901155 0.0295918 0.0366654 0.459513
3 0.614868 0.497562 0.0199808 0.023932 0.458515
2 0.173382 0.463307 0.0141066 0.0161634 0.434678
1 0.994253 0.789404 0.0114944 0.421191 0.344321
4 0.766921 0.626099 0.0229234 0.0285736 0.309098
1 0.790566 0.674576 0.0412062 0.434088 0.300952
2 0.116299 0.439964 0.0151135 0.0174692 0.271213
3 0.113813 0.539274 0.0194151 0.0240204 0.252472
2 0.614985 0.501058 0.0195202 0.0251617 0.251332
