4 0.28028 0.931395 0.0838339 0.100268 0.91653
0 0.602825 0.508497 0.0369912 0.0687492 0.907753
4 0.636501 0.495604 0.0327256 0.0355136 0.79497
3 0.267938 0.397041 0.0292453 0.0353343 0.74541
3 0.57234 0.271347 0.0138275 0.016566 0.683679
1 0.950818 0.206199 0.0263732 0.248989 0.648886
2 0.503899 0.311911 0.015545 0.0234696 0.601081
4 0.758901 0.34544 0.0323655 0.0192584 0.583966
2 0.53693 0.263685 0.0136579 0.0150802 0.535893
2 0.951544 0.354295 0.0153108 0.017418 0.532313
2 0.627939 0.305389 0.0160532 0.0202779 0.511021
1 0.676042 0.172015 0.00744872 0.21678 0.491561
1 0.677682 0.176807 0.0102052 0.209614 0.430443
0 0.609633 0.506794 0.0484931 0.0629631 0.288168
