0 0.492573 0.46946 0.0232434 0.0419371 0.93168
4 0.514135 0.509495 0.0218561 0.0190335 0.847842
3 0.103722 0.556584 0.0203129 0.0218374 0.80859
2 0.475219 0.850913 0.0362769 0.0547177 0.807464
1 0.6547 0.594322 0.036295 0.79692 0.777256
1 0.822895 0.713506 0.0576144 0.572989 0.771421
2 0.178559 0.752635 0.0242361 0.0355767 0.746689
1 0.48664 0.317509 0.00710695 0.173511 0.62527
1 0.277842 0.319392 0.0113247 0.183102 0.610318
3 0.420614 0.515299 0.0162944 0.0249815 0.472439
4 0.416723 0.427307 0.0195026 0.0127472 0.468609
3 0.135794 0.424242 0.0142805 0.0163939 0.395909
2 0.635779 0.420457 0.0134762 0.0182548 0.395544
