0 0.522067 0.48537 0.0304346 0.0531256 0.913828
4 0.913232 0.908193 0.0846673 0.0896107 0.903495
4 0.550386 0.537538 0.0259495 0.028768 0.848985
3 0.0317483 0.618725 0.0270382 0.0356384 0.847071
3 0.152419 0.402083 0.0171701 0.0193106 0.767879
2 0.147313 0.460863 0.0149389 0.0207758 0.645987
1 0.263939 0.283911 0.0124546 0.215775 0.642322
3 0.909396 0.480925 0.029019 0.0305837 0.571495
4 0.427508 0.417074 0.0306489 0.0162247 0.369421
2 0.0994173 0.405353 0.0170584 0.0188116 0.334543
1 0.502901 0.272254 0.00834352 0.195899 0.294911
