0 0.495852 0.468723 0.0231695 0.0434079 0.966373
2 0.540438 0.836694 0.0297578 0.0472498 0.814408
2 0.225603 0.74999 0.0331233 0.0367644 0.78887
1 0.760431 0.608431 0.0403793 0.781975 0.778431
4 0.520056 0.505613 0.0209012 0.0194427 0.773726
1 0.969551 0.693501 0.0608977 0.60971 0.716312
3 0.169488 0.422862 0.0142712 0.0145371 0.691413
1 0.763077 0.532162 0.0345081 0.640332 0.625709
3 0.111993 0.560921 0.0199122 0.0227357 0.565096
1 0.265584 0.32217 0.0117136 0.186944 0.540672
4 0.442811 0.466274 0.0175304 0.0217883 0.527331
1 0.474355 0.316176 0.00713273 0.168371 0.515188
2 0.176109 0.461856 0.0154587 0.01794 0.474272
2 0.121379 0.426525 0.0136715 0.0150942 0.462216
1 0.75593 0.666128 0.0423785 0.667745 0.364218
4 0.411088 0.427542 0.0215174 0.0133454 0.321238
