1 0.515564 0.952314 0.00924647 0.073983 0.652787
3 0.409718 0.815537 0.0143437 0.0165965 0.56045
2 0.308564 0.964051 0.0132427 0.0164211 0.464499
2 0.681157 0.757406 0.0103822 0.0134313 0.438711
3 0.339634 0.912312 0.0157483 0.0159896 0.424744
1 0.62232 0.70614 0.00883004 0.0759463 0.403581
1 0.366649 0.952801 0.00972433 0.0814953 0.375853
1 0.368446 0.963811 0.0100892 0.0644989 0.311811
2 0.648675 0.799445 0.0125481 0.0183869 0.302645
2 0.482424 0.714668 0.0117731 0.01441 0.285597
2 0.515422 0.744442 0.00973378 0.0135644 0.264812
2 0.308064 0.961021 0.0126156 0.018913 0.263657
2 0.605317 0.962774 0.0115713 0.0239498 0.257619
1 0.5297 0.686848 0.00576723 0.0758059 0.253515
