2 0.584518 0.489039 0.0209883 0.0241576 0.846659
3 0.656253 0.815605 0.0270611 0.0507698 0.834415
3 0.605828 0.38273 0.0218249 0.0228073 0.783026
4 0.274997 0.430512 0.0395731 0.0270045 0.776181
3 0.496793 0.378118 0.017077 0.0204644 0.729094
1 0.204247 0.235693 0.0177944 0.224976 0.709626
4 0.0139314 0.705793 0.0278629 0.0495513 0.703499
2 0.66139 0.388698 0.0160827 0.0211188 0.633764
1 0.477338 0.253134 0.0118238 0.247129 0.608392
2 0.143163 0.392012 0.0166255 0.0202677 0.52981
3 0.197624 0.355153 0.0153957 0.0205832 0.527182
2 0.474377 0.419128 0.0168041 0.0171104 0.499497
3 0.101834 0.349253 0.0179565 0.0221364 0.283564
2 0.781225 0.12723 0.0177853 0.0304967 0.275958
