0 0.56785 0.494481 0.0366286 0.0687352 0.90619
3 0.939893 0.31212 0.0170549 0.0183873 0.787162
2 0.969452 0.384258 0.0187683 0.0235903 0.777725
3 0.471008 0.268529 0.0139629 0.0169455 0.750922
3 0.190185 0.414033 0.0276578 0.0375392 0.735832
1 0.821769 0.186094 0.0183306 0.224465 0.701655
4 0.665422 0.329474 0.0342939 0.0177019 0.683614
1 0.569234 0.1729 0.00803212 0.201387 0.630407
2 0.531149 0.298214 0.0135719 0.0178783 0.597041
3 0.833791 0.305433 0.0138431 0.0155261 0.375581
2 0.834181 0.327453 0.0137615 0.0204046 0.362491
