0 0.502264 0.46298 0.0245056 0.0451634 0.904925
4 0.822144 0.627821 0.0520447 0.039113 0.832866
1 0.912649 0.499964 0.0451653 0.846214 0.778664
2 0.303806 0.695765 0.0304689 0.0469275 0.772199
2 0.640962 0.751179 0.0266586 0.0410694 0.733143
2 0.16628 0.468798 0.0142943 0.0157252 0.650549
4 0.530583 0.496089 0.020505 0.0195068 0.647498
1 0.246429 0.333584 0.0111747 0.193358 0.598299
3 0.579542 0.483458 0.0165877 0.0237486 0.549357
1 0.919912 0.444598 0.0362644 0.721076 0.516216
2 0.622894 0.503882 0.0167671 0.0220482 0.445569
1 0.453383 0.331415 0.00758857 0.167025 0.405249
3 0.622435 0.49889 0.0177491 0.0240426 0.331653
2 0.844303 0.917819 0.0321857 0.0412812 0.292513
