0 0.497914 0.462733 0.0227335 0.043058 0.940525
2 0.240681 0.680655 0.035081 0.0434797 0.810994
2 0.561353 0.738575 0.0271063 0.0492157 0.810627
1 0.796806 0.464845 0.034203 0.853415 0.659676
1 0.262294 0.341767 0.00876769 0.186724 0.622005
3 0.164483 0.436336 0.0164445 0.0155828 0.608598
1 0.800615 0.415286 0.0307902 0.746454 0.496806
3 0.774583 0.901034 0.0305159 0.0371811 0.477635
1 0.469397 0.334065 0.007456 0.177844 0.469207
2 0.173349 0.463453 0.0141197 0.0160689 0.459832
3 0.614308 0.497751 0.0188909 0.023869 0.391872
4 0.767046 0.626033 0.0231764 0.0288352 0.384452
1 0.79008 0.677626 0.0389794 0.423805 0.335486
3 0.11367 0.538967 0.0190544 0.0244901 0.334706
1 0.994366 0.78629 0.0112689 0.427421 0.32498
2 0.614545 0.500988 0.0186548 0.0252876 0.298841
2 0.116327 0.439844 0.0153197 0.0175535 0.271466
