3 0.649777 0.83705 0.0287569 0.0509914 0.830741
4 0.234071 0.401246 0.043711 0.023811 0.82549
2 0.5726 0.463213 0.0222137 0.0241921 0.788913
2 0.659421 0.358711 0.0165476 0.0218243 0.780459
2 0.0958986 0.362396 0.0194852 0.0220805 0.756291
3 0.597546 0.354205 0.0196075 0.0244198 0.734556
1 0.166098 0.19707 0.020841 0.253032 0.724164
3 0.0560587 0.319287 0.0178026 0.0190865 0.59157
1 0.458946 0.207148 0.0117426 0.270222 0.551024
2 0.451694 0.392892 0.018004 0.0209001 0.338008
3 0.477274 0.348936 0.0175062 0.0215553 0.272495
