0 0.488969 0.496779 0.0363241 0.0665868 0.893701
3 0.0819255 0.444063 0.0236763 0.0366431 0.761665
4 0.562046 0.331293 0.0344888 0.0168583 0.744299
3 0.710229 0.293207 0.0120057 0.015201 0.71312
1 0.698127 0.188016 0.0141292 0.211475 0.695264
2 0.293454 0.333642 0.0145852 0.0164811 0.630092
1 0.457498 0.177527 0.00847985 0.199547 0.542477
4 0.341211 0.954064 0.0632331 0.0859106 0.495637
2 0.423047 0.307495 0.0132046 0.0167651 0.435627
2 0.837833 0.365138 0.0167022 0.0197834 0.389107
3 0.806065 0.299423 0.0150374 0.0172167 0.363622
1 0.695877 0.191748 0.0101224 0.20722 0.284598
3 0.390286 0.472689 0.018591 0.0274895 0.257029
2 0.854856 0.306245 0.0139122 0.0184634 0.256149
