0 0.57775 0.735262 0.0341537 0.0644629 0.924914
4 0.617862 0.832524 0.0477758 0.0548393 0.902888
4 0.449531 0.536307 0.0379578 0.0279986 0.841638
2 0.730321 0.510285 0.018846 0.0260733 0.816207
2 0.13076 0.643453 0.0196618 0.0247908 0.797886
3 0.13619 0.508992 0.0177614 0.0212438 0.792486
3 0.250579 0.488829 0.0180861 0.0217992 0.774399
2 0.0762895 0.517496 0.0206509 0.0208664 0.699155
3 0.626837 0.423767 0.0144793 0.0188867 0.69885
1 0.26175 0.36951 0.0176186 0.231182 0.683164
2 0.262203 0.539641 0.0161857 0.019482 0.608039
3 0.542416 0.438648 0.0155426 0.0201886 0.575441
1 0.52693 0.330688 0.0100536 0.214405 0.552477
2 0.580725 0.479187 0.0181555 0.0211278 0.491316
2 0.665398 0.416487 0.0139217 0.0190527 0.366919
