0 0.493502 0.481929 0.0246319 0.0431422 0.92524
2 0.481324 0.956292 0.0418963 0.0648153 0.871302
4 0.515022 0.526131 0.021958 0.0209224 0.789763
1 0.663395 0.718056 0.0361046 0.563889 0.778459
4 0.418518 0.420303 0.0202774 0.0135052 0.682794
1 0.27686 0.306546 0.0118587 0.185627 0.66917
3 0.106049 0.584728 0.0199684 0.0214437 0.660339
4 0.3631 0.447682 0.0235705 0.0180017 0.539175
1 0.486194 0.297638 0.00620874 0.172308 0.529827
3 0.268394 0.404185 0.0122616 0.0149007 0.523997
1 0.834734 0.84495 0.0591475 0.3101 0.509535
2 0.523433 0.397608 0.0122345 0.0143675 0.446836
3 0.181195 0.407764 0.0124567 0.0149013 0.444289
2 0.182414 0.4608 0.0143829 0.0184545 0.429023
3 0.187286 0.837377 0.0245366 0.046241 0.420192
2 0.187197 0.832118 0.0238742 0.0389959 0.402536
1 0.276614 0.301333 0.00786668 0.187627 0.389052
3 0.496918 0.381212 0.0108532 0.0124004 0.26935
