0 0.536526 0.488191 0.0356217 0.0662866 0.887862
3 0.118783 0.438415 0.0250886 0.0342634 0.785501
3 0.832802 0.295675 0.013942 0.0158366 0.759269
2 0.87173 0.359333 0.0145948 0.0199746 0.702175
1 0.723348 0.184838 0.015534 0.213617 0.615468
3 0.735807 0.28943 0.0125891 0.0153837 0.60597
1 0.480828 0.174573 0.00700588 0.201247 0.594509
3 0.665932 0.485176 0.0222874 0.0327786 0.546623
2 0.880427 0.297441 0.0130226 0.016874 0.540819
3 0.431307 0.468972 0.0198658 0.0282061 0.492875
1 0.724051 0.185835 0.0100815 0.219859 0.318094
2 0.7411 0.318465 0.0126119 0.0148067 0.304288
