0 0.394023 0.489117 0.051172 0.0903421 0.945398
4 0.525516 0.290512 0.0379759 0.0193035 0.761328
1 0.695756 0.127333 0.016364 0.243764 0.691471
3 0.71131 0.251767 0.0148415 0.0171139 0.65096
4 0.430391 0.469533 0.0263166 0.0390905 0.639948
2 0.367812 0.266252 0.0151101 0.0165602 0.619606
1 0.412769 0.119695 0.011811 0.23842 0.605605
2 0.872139 0.329017 0.0175787 0.0208809 0.592736
2 0.88311 0.262407 0.0153831 0.0192542 0.555472
3 0.397275 0.243779 0.0149462 0.0175221 0.357643
3 0.711809 0.256564 0.0152185 0.0191336 0.29263
2 0.715176 0.283267 0.0156795 0.019317 0.284435
3 0.298774 0.239568 0.0162009 0.0199562 0.263908
