0 0.536509 0.488362 0.0355824 0.0662738 0.892399
3 0.11867 0.438659 0.0249192 0.0342866 0.778314
3 0.832732 0.295535 0.0139185 0.0157141 0.768699
2 0.871712 0.359321 0.014605 0.0199685 0.699509
1 0.723256 0.184875 0.0154649 0.21382 0.620995
3 0.735886 0.289561 0.0125992 0.0154314 0.600027
1 0.480869 0.17473 0.00695899 0.201123 0.592098
3 0.665865 0.485118 0.0222502 0.0328606 0.533599
2 0.880437 0.297336 0.0128906 0.0168671 0.520913
3 0.431282 0.468834 0.0198134 0.0281394 0.472499
2 0.323409 0.327502 0.0153529 0.0200231 0.326106
2 0.741061 0.318494 0.0126978 0.0148387 0.32257
1 0.723995 0.185884 0.0100941 0.220166 0.313839
