2 0.581868 0.489175 0.0225137 0.0249489 0.839574
3 0.653119 0.819517 0.028036 0.0532315 0.817003
4 0.272985 0.430595 0.0399218 0.0259394 0.786253
1 0.202604 0.234961 0.0171447 0.22448 0.766865
3 0.603805 0.383173 0.0230074 0.0235905 0.733386
3 0.195527 0.355481 0.015616 0.0211346 0.686074
3 0.49437 0.377186 0.0162437 0.0183925 0.68483
2 0.471852 0.419227 0.0182676 0.0174245 0.658384
4 0.0116349 0.708629 0.0230098 0.0564905 0.655407
1 0.47709 0.254149 0.0114903 0.248221 0.617874
2 0.141044 0.39204 0.0185648 0.0204487 0.611948
2 0.659468 0.387144 0.0160638 0.020766 0.601291
3 0.0999345 0.349686 0.0179157 0.0224646 0.273334
