0 0.555969 0.525366 0.0343992 0.0626013 0.927969
4 0.594586 0.603914 0.0403021 0.0430087 0.898662
4 0.432942 0.39405 0.0401938 0.0200999 0.730504
2 0.0616398 0.380478 0.0169599 0.0214242 0.718175
3 0.530683 0.320549 0.015163 0.0191765 0.696923
1 0.247449 0.234704 0.017481 0.235143 0.677997
2 0.112165 0.468806 0.0172906 0.0239005 0.672587
2 0.566802 0.351871 0.0180631 0.0197489 0.671172
3 0.236535 0.358464 0.0172895 0.022842 0.655526
2 0.710808 0.373437 0.0184692 0.0298837 0.650519
3 0.123097 0.373183 0.0191924 0.0217989 0.636775
3 0.61571 0.310886 0.0147116 0.0168157 0.627599
1 0.514242 0.213379 0.00866738 0.219135 0.567507
2 0.248078 0.39546 0.0165621 0.0190466 0.536798
3 0.612525 0.310609 0.0165175 0.017734 0.413061
