0 0.628102 0.519933 0.037101 0.0718805 0.927801
4 0.233828 0.913773 0.0821284 0.0970368 0.883831
4 0.672113 0.509941 0.0357959 0.0374774 0.818541
2 0.703099 0.312646 0.0160664 0.0203841 0.739714
2 0.0258211 0.559938 0.0262304 0.0339866 0.737908
3 0.655141 0.27565 0.0135298 0.0169418 0.721653
3 0.326624 0.387193 0.0297034 0.0314693 0.660134
4 0.837869 0.362193 0.0365429 0.0175873 0.659179
1 0.760131 0.185139 0.0143698 0.217051 0.600783
2 0.560563 0.317291 0.0169854 0.0228256 0.588036
2 0.618272 0.267888 0.0127739 0.015842 0.584247
1 0.757909 0.185284 0.0108406 0.22088 0.28414
3 0.740772 0.292042 0.0127335 0.0162679 0.280192
