0 0.536572 0.488375 0.035755 0.0665253 0.887363
3 0.118665 0.43853 0.0250108 0.0338941 0.786912
3 0.833127 0.295782 0.0137987 0.0157105 0.753392
2 0.871843 0.359354 0.014665 0.0199418 0.699748
1 0.72329 0.184901 0.0156642 0.213687 0.626288
3 0.735885 0.289649 0.0125643 0.0153658 0.604316
1 0.480769 0.174777 0.00697419 0.20087 0.590351
2 0.880517 0.297465 0.0129617 0.016839 0.551951
3 0.665927 0.485243 0.0222034 0.0327065 0.493559
3 0.431301 0.469161 0.0195863 0.0279159 0.490143
2 0.740848 0.318429 0.012615 0.0148488 0.310763
1 0.724009 0.186116 0.0101349 0.219331 0.300242
2 0.323218 0.327498 0.0151399 0.0196935 0.288262
