0 0.52207 0.485381 0.0304502 0.053135 0.91373
4 0.913223 0.908207 0.0846579 0.0897583 0.90479
4 0.550367 0.537525 0.0259167 0.0287067 0.849308
3 0.0317492 0.61874 0.0270427 0.0356896 0.8467
3 0.152436 0.402092 0.0171798 0.0193068 0.768941
2 0.14731 0.460853 0.0149476 0.0207962 0.646499
1 0.263945 0.283917 0.0124647 0.215766 0.643061
3 0.909427 0.480957 0.0290783 0.0306448 0.576949
4 0.427477 0.417069 0.0305698 0.0162508 0.373185
2 0.0994108 0.405355 0.0170802 0.0188237 0.328627
1 0.502877 0.272256 0.00835551 0.195897 0.292984
