0 0.493493 0.481731 0.0245152 0.0426734 0.915868
2 0.481326 0.955965 0.0415203 0.0640948 0.871626
4 0.514645 0.525964 0.0219396 0.0210542 0.793415
1 0.663539 0.717293 0.0361313 0.565413 0.776333
4 0.418609 0.420065 0.020379 0.0139718 0.694407
1 0.276836 0.306452 0.0118424 0.185687 0.668905
3 0.106069 0.585171 0.0200969 0.0216218 0.652116
1 0.486037 0.297342 0.00625896 0.172046 0.521895
1 0.834727 0.845011 0.059253 0.309978 0.50158
3 0.268481 0.404247 0.0123564 0.0149174 0.475577
3 0.181143 0.40792 0.012274 0.0150947 0.430203
3 0.187314 0.838012 0.024431 0.0463661 0.425299
2 0.187255 0.832946 0.0239806 0.0397942 0.410912
2 0.52343 0.397619 0.0123491 0.0142054 0.405381
2 0.182369 0.460849 0.014231 0.0185009 0.401017
1 0.276595 0.3012 0.00791083 0.187928 0.390355
