0 0.522826 0.492967 0.0352752 0.0696164 0.888681
3 0.109714 0.441412 0.0244795 0.0369436 0.768291
4 0.579639 0.328953 0.0303847 0.018124 0.725719
1 0.716505 0.185479 0.0160341 0.211317 0.6889
4 0.387989 0.952147 0.0828129 0.0957055 0.655143
1 0.475501 0.180696 0.00707475 0.206464 0.647043
2 0.861391 0.363648 0.0157186 0.0200506 0.609153
2 0.315811 0.331043 0.0148709 0.0170434 0.561817
3 0.826307 0.299098 0.0156881 0.0176002 0.449801
3 0.727848 0.290745 0.0126247 0.0144917 0.408762
2 0.442735 0.305446 0.013185 0.0160479 0.295259
2 0.734915 0.320812 0.0131367 0.0170562 0.28801
4 0.333079 0.833715 0.181568 0.330967 0.263812
3 0.724345 0.290985 0.0133427 0.0147133 0.254381
