0 0.493408 0.486137 0.0251284 0.0461763 0.921546
4 0.514257 0.53295 0.0206079 0.0224817 0.873196
3 0.106918 0.599847 0.0188086 0.0212677 0.810432
1 0.663374 0.764146 0.0364215 0.469785 0.800863
3 0.180114 0.40414 0.0124897 0.0154554 0.766492
2 0.188671 0.864992 0.0251775 0.0344026 0.694955
2 0.635308 0.408438 0.0163479 0.0199605 0.691394
1 0.276825 0.30059 0.0119247 0.182059 0.663399
4 0.417315 0.419515 0.0272251 0.0137431 0.560547
2 0.182645 0.461168 0.0142031 0.0184165 0.55897
4 0.363651 0.447733 0.0219184 0.0187626 0.518913
2 0.477766 0.985983 0.0295027 0.0280333 0.485529
1 0.485827 0.288289 0.00707095 0.173838 0.479314
1 0.276313 0.293442 0.00781422 0.181595 0.435419
3 0.13494 0.407655 0.014519 0.0150497 0.398623
3 0.268312 0.394895 0.0148344 0.0167664 0.391158
2 0.276651 0.418741 0.0149448 0.0146086 0.375237
2 0.598114 0.378947 0.0173227 0.0216119 0.263606
