0 0.536625 0.488299 0.0357874 0.0666779 0.885875
3 0.118803 0.438666 0.0249664 0.0340794 0.78067
3 0.832833 0.295687 0.0139495 0.01585 0.758536
2 0.871678 0.359298 0.0146499 0.0200821 0.706004
1 0.723239 0.184971 0.0155589 0.213172 0.607284
3 0.735786 0.289479 0.0125284 0.0152688 0.597633
1 0.480724 0.174652 0.00699883 0.201243 0.587681
3 0.66602 0.485234 0.0224842 0.0328453 0.573419
2 0.880501 0.297518 0.0129625 0.0170501 0.522333
3 0.43131 0.468958 0.0193478 0.0276294 0.485448
2 0.323225 0.327742 0.0152407 0.0198749 0.393853
2 0.741002 0.31842 0.0126566 0.0148436 0.340108
1 0.723976 0.186123 0.0100987 0.219565 0.304444
