0 0.72873 0.956164 0.073356 0.0840997 0.91913
4 0.456828 0.557873 0.0549848 0.0425491 0.833357
2 0.647348 0.468267 0.020716 0.0247044 0.77691
2 0.880483 0.516426 0.0244831 0.0314006 0.737223
2 0.167713 0.560968 0.024723 0.0275664 0.734033
3 0.164183 0.481723 0.0210407 0.0254425 0.719315
1 0.180015 0.303017 0.0298781 0.347346 0.718984
1 0.565025 0.264669 0.0155569 0.304594 0.697483
2 0.749417 0.384117 0.0164879 0.0210491 0.668695
3 0.586534 0.411901 0.0179018 0.0238786 0.528343
3 0.698687 0.393327 0.0184333 0.0217489 0.518518
