0 0.498166 0.462849 0.0231658 0.0428405 0.934302
2 0.24068 0.680707 0.0350681 0.0436042 0.814242
2 0.561136 0.738237 0.0269174 0.0489068 0.807903
1 0.796744 0.464882 0.0341781 0.858917 0.645482
3 0.164363 0.436367 0.0164423 0.0156607 0.632276
1 0.262089 0.342288 0.00888467 0.185974 0.618627
1 0.801 0.417029 0.0302826 0.751098 0.514922
1 0.469517 0.334265 0.00746404 0.176665 0.48027
3 0.614798 0.497587 0.0195862 0.0238988 0.472714
3 0.774148 0.901189 0.0296198 0.0367964 0.447597
2 0.173349 0.463259 0.0140456 0.0162509 0.44128
1 0.994246 0.791517 0.0115081 0.416966 0.342947
1 0.574273 0.329045 0.00859366 0.220608 0.322679
1 0.790485 0.674376 0.0412049 0.434841 0.320597
2 0.11614 0.439834 0.0151706 0.0175758 0.320369
3 0.113842 0.53932 0.01917 0.024436 0.297726
4 0.76667 0.625884 0.0232394 0.0282928 0.272782
