0 0.628095 0.51992 0.0370877 0.0718603 0.928665
4 0.233833 0.913741 0.0821772 0.0970183 0.883535
4 0.672162 0.509952 0.0356731 0.0374641 0.81876
2 0.703085 0.312611 0.0160595 0.0204025 0.738197
2 0.0258172 0.559965 0.026303 0.0340787 0.736316
3 0.65512 0.275615 0.013512 0.0169246 0.721273
3 0.326653 0.387147 0.0297955 0.0315349 0.662136
4 0.837842 0.362177 0.0365173 0.017611 0.659296
1 0.760124 0.185116 0.0143519 0.217115 0.601
2 0.618264 0.267894 0.0127645 0.0158804 0.577783
2 0.560879 0.316805 0.0170189 0.0226219 0.566737
1 0.757906 0.18528 0.0108314 0.220887 0.282958
3 0.740767 0.292039 0.0127238 0.0162849 0.276174
