0 0.293892 0.680523 0.0542403 0.0878852 0.917816
4 0.339813 0.637318 0.0402537 0.0502821 0.883534
3 0.66633 0.336403 0.0150524 0.0192837 0.718858
4 0.474838 0.387489 0.0440164 0.0225805 0.709968
2 0.838863 0.348629 0.0155895 0.0190451 0.678384
2 0.213841 0.310193 0.0145435 0.0161943 0.674408
3 0.357797 0.31869 0.0152516 0.0190841 0.669211
2 0.323288 0.352653 0.0162661 0.0188261 0.667212
3 0.260272 0.31494 0.0167275 0.0185303 0.6641
2 0.813168 0.442442 0.0199794 0.0234721 0.660969
1 0.651866 0.209559 0.0143476 0.251003 0.653518
1 0.370313 0.202647 0.0113909 0.230805 0.613173
3 0.780144 0.345953 0.0203256 0.0211644 0.506469
2 0.665228 0.376307 0.0137337 0.0170596 0.502447
