0 0.614319 0.514022 0.0377849 0.0710928 0.939524
4 0.260066 0.925878 0.0832207 0.0991533 0.889837
4 0.651055 0.501476 0.0341103 0.0343467 0.782158
3 0.608813 0.272385 0.0145144 0.0172655 0.744412
4 0.793051 0.352446 0.0327076 0.0187718 0.737954
3 0.292831 0.392476 0.0265898 0.0322038 0.714
2 0.528631 0.31759 0.015094 0.0285012 0.621412
2 0.659609 0.30722 0.0134663 0.0201786 0.613562
1 0.710739 0.179912 0.0115483 0.213553 0.586829
1 0.991727 0.207253 0.0165464 0.262923 0.578671
2 0.572334 0.265305 0.0138939 0.0156412 0.509383
1 0.994341 0.217287 0.0107101 0.26058 0.267786
