0 0.536542 0.488244 0.0356071 0.0661964 0.890111
3 0.118802 0.438633 0.0250227 0.0340714 0.784399
3 0.832829 0.295717 0.0140236 0.0158149 0.75734
2 0.87165 0.359208 0.0146679 0.0200627 0.701388
1 0.723227 0.184726 0.0156414 0.213893 0.622768
3 0.735766 0.289485 0.012548 0.0153868 0.613872
1 0.480793 0.17475 0.00696091 0.201107 0.58506
2 0.880335 0.297437 0.0129194 0.0168875 0.531537
3 0.665838 0.485355 0.0220858 0.0327071 0.520262
3 0.431166 0.469062 0.0198435 0.028134 0.475598
2 0.741088 0.318394 0.0125758 0.0147721 0.310473
2 0.32327 0.327632 0.0151117 0.0197032 0.310169
1 0.723967 0.18589 0.0101208 0.21972 0.299817
