0 0.493409 0.486143 0.0251291 0.0461945 0.920876
4 0.514138 0.532913 0.0205204 0.0224467 0.877197
3 0.106921 0.599851 0.01881 0.0212571 0.810349
1 0.663378 0.764252 0.0364672 0.469541 0.800408
3 0.180113 0.40414 0.0124839 0.0154552 0.766301
2 0.635229 0.408148 0.0163026 0.0200571 0.70911
2 0.188671 0.864995 0.0251765 0.0344084 0.694893
1 0.276827 0.300582 0.0119273 0.182076 0.663702
4 0.417311 0.419514 0.0272228 0.0137513 0.561056
2 0.182646 0.46117 0.014208 0.0184118 0.559213
4 0.363652 0.447733 0.021911 0.0187669 0.519376
2 0.477756 0.986 0.0294934 0.0280008 0.483406
1 0.485825 0.288288 0.00709363 0.17393 0.482405
1 0.276312 0.293452 0.00781793 0.181631 0.434318
3 0.134943 0.407652 0.0145117 0.015042 0.397609
3 0.268321 0.394904 0.014844 0.0167626 0.389373
2 0.276649 0.41874 0.0149603 0.014611 0.37787
3 0.596443 0.381177 0.0181477 0.0220018 0.318492
