0 0.536539 0.488127 0.0356598 0.0661146 0.885911
3 0.118735 0.438621 0.0249589 0.034202 0.783921
3 0.832836 0.295596 0.0138829 0.0157612 0.769205
2 0.871568 0.359225 0.0146192 0.0199438 0.707492
1 0.723326 0.185042 0.0155692 0.213884 0.61046
3 0.735805 0.289628 0.012525 0.0153402 0.602198
1 0.480772 0.174893 0.00705834 0.200813 0.586766
2 0.880216 0.297333 0.0129227 0.0168535 0.54565
3 0.66586 0.485314 0.0224378 0.0331167 0.512438
3 0.431235 0.469056 0.0196808 0.0280438 0.473052
2 0.741002 0.318428 0.0126272 0.0148769 0.331798
2 0.323372 0.327496 0.0154516 0.0202401 0.321149
1 0.724032 0.185936 0.0101132 0.220064 0.31334
