0 0.556042 0.524992 0.0346432 0.0643219 0.932156
4 0.594671 0.603939 0.0398506 0.0431821 0.898339
4 0.432858 0.394039 0.0399881 0.020005 0.726079
2 0.0616619 0.380434 0.0169939 0.0214144 0.718919
3 0.530704 0.320594 0.0151106 0.0191166 0.689166
1 0.247438 0.234832 0.0174895 0.235094 0.677365
2 0.566695 0.352003 0.0180026 0.019893 0.671931
2 0.112185 0.468799 0.0172332 0.0237967 0.666504
3 0.236443 0.358389 0.0173198 0.0229817 0.665005
3 0.123124 0.37323 0.0192063 0.0217826 0.646421
2 0.711228 0.373224 0.0181196 0.0331702 0.640363
3 0.615797 0.310918 0.0145525 0.0166478 0.623025
1 0.514262 0.213331 0.00873069 0.219137 0.567353
2 0.248194 0.395363 0.0166115 0.0190992 0.52738
3 0.614425 0.30931 0.0141243 0.0187203 0.420501
3 0.61242 0.310543 0.0163877 0.0175045 0.390956
