0 0.536534 0.488119 0.0356622 0.0661491 0.886364
3 0.118731 0.438631 0.0249502 0.0341829 0.784012
3 0.832836 0.295593 0.0138836 0.0157561 0.768946
2 0.871571 0.359227 0.0146144 0.0199431 0.707751
1 0.723327 0.185037 0.0155674 0.213873 0.610188
3 0.735803 0.289628 0.0125223 0.0153411 0.602218
1 0.480771 0.174892 0.00705074 0.200826 0.58641
2 0.880216 0.297333 0.012923 0.0168514 0.545806
3 0.665865 0.485319 0.0224347 0.0331006 0.515839
3 0.43124 0.469068 0.0196173 0.0279382 0.465489
2 0.741001 0.318426 0.012625 0.014879 0.330326
2 0.32337 0.327505 0.0154728 0.0201732 0.31644
1 0.724034 0.185924 0.010108 0.220062 0.31402
