3 0.649781 0.837082 0.0286664 0.0508761 0.829203
4 0.234072 0.401243 0.0437068 0.0238143 0.825577
2 0.5726 0.463219 0.0222032 0.0241972 0.788919
2 0.659421 0.358712 0.0165486 0.0218327 0.780421
2 0.0960027 0.36245 0.0195589 0.0221756 0.756133
3 0.597547 0.354198 0.0196049 0.0244416 0.734472
1 0.166096 0.197058 0.0208295 0.253022 0.723867
3 0.0560546 0.319286 0.0177979 0.0190789 0.591611
1 0.45893 0.207159 0.0117075 0.270289 0.549489
2 0.451692 0.392893 0.0179999 0.0209016 0.33906
3 0.477269 0.348942 0.017496 0.0215426 0.272797
