0 0.76551 0.6768 0.0520424 0.0886418 0.932922
4 0.882944 0.718246 0.0840844 0.0566603 0.894056
4 0.179057 0.693821 0.0747359 0.0605 0.880428
2 0.14555 0.400336 0.0175149 0.023196 0.818818
2 0.193513 0.509908 0.0206313 0.0282907 0.771672
2 0.386746 0.441562 0.02018 0.0242845 0.703399
3 0.0415742 0.502778 0.0224478 0.031257 0.693511
4 0.829182 0.606783 0.0439312 0.0457916 0.635851
3 0.118033 0.42987 0.0169302 0.0210106 0.587538
3 0.736278 0.413998 0.0195928 0.0230838 0.487755
1 0.0112338 0.395309 0.0224675 0.250078 0.330434
