0 0.737467 0.863396 0.076041 0.130158 0.946326
4 0.460951 0.496364 0.0578562 0.0394106 0.868971
3 0.168573 0.427212 0.0204595 0.0247774 0.830528
1 0.183546 0.249842 0.0285151 0.349865 0.790064
2 0.884398 0.457707 0.02183 0.028205 0.751595
2 0.649787 0.417451 0.0208244 0.0238982 0.675615
1 0.569787 0.21445 0.0127417 0.313565 0.639534
2 0.172642 0.498564 0.0206035 0.0264303 0.557496
2 0.753489 0.342631 0.0175049 0.0205293 0.550585
3 0.589582 0.36681 0.0181064 0.0244959 0.504587
3 0.701972 0.350232 0.0185128 0.0192176 0.459608
