0 0.555969 0.525364 0.0344129 0.0626162 0.927824
4 0.594585 0.603916 0.0403551 0.0430283 0.899344
4 0.432941 0.394052 0.0401918 0.0201077 0.730502
2 0.0616361 0.380484 0.0169626 0.0214258 0.718144
3 0.530682 0.32055 0.0151617 0.0191863 0.696916
1 0.247448 0.234716 0.0174795 0.235124 0.677724
2 0.112166 0.468803 0.017305 0.0239182 0.673054
2 0.5668 0.351875 0.0180702 0.0197645 0.671336
2 0.71093 0.373282 0.0184162 0.0297768 0.669026
3 0.236535 0.358459 0.0172925 0.0228426 0.656174
3 0.123099 0.373185 0.0192006 0.0218058 0.637691
3 0.615715 0.310895 0.014737 0.0168518 0.62789
1 0.514241 0.213355 0.00866558 0.219185 0.566991
2 0.24808 0.395462 0.0165713 0.019051 0.536976
3 0.612543 0.310621 0.0165481 0.0177674 0.412942
2 0.714256 0.371124 0.0228916 0.0362166 0.313778
