3 0.649776 0.837047 0.0287487 0.050986 0.830973
4 0.234069 0.401246 0.0437099 0.0238072 0.825519
2 0.572601 0.463212 0.0222153 0.024191 0.788722
2 0.65942 0.358708 0.0165529 0.0218334 0.781032
2 0.0959039 0.362384 0.0194884 0.022091 0.756606
3 0.597551 0.354202 0.0196064 0.024424 0.734346
1 0.166098 0.197062 0.0208464 0.253052 0.724088
3 0.0560608 0.319284 0.0178002 0.0190853 0.591896
1 0.458942 0.207136 0.011738 0.270205 0.551943
2 0.451696 0.392893 0.0179991 0.020898 0.338226
3 0.477265 0.348941 0.017498 0.0215454 0.272786
