0 0.731439 0.955403 0.0740006 0.0848685 0.911256
4 0.458159 0.557148 0.0539411 0.0438594 0.844375
2 0.648087 0.467854 0.0201316 0.025451 0.785246
2 0.169423 0.561428 0.0239063 0.0273157 0.759607
2 0.881513 0.515474 0.0251274 0.0319054 0.752221
1 0.181071 0.300335 0.0281873 0.346373 0.728832
1 0.566408 0.261688 0.0164748 0.308741 0.691072
3 0.166195 0.480672 0.0205266 0.0260099 0.657455
3 0.587278 0.411515 0.0177224 0.0242052 0.610522
2 0.751608 0.384226 0.0174701 0.0217576 0.585736
3 0.700046 0.392993 0.019816 0.0224491 0.40439
