0 0.728727 0.956155 0.0733443 0.0841044 0.919971
4 0.456828 0.557873 0.0549826 0.0425487 0.833166
2 0.647345 0.468265 0.0207258 0.0247197 0.776631
2 0.88048 0.516426 0.0244854 0.0314023 0.737398
2 0.167713 0.560968 0.0247224 0.0275639 0.734342
3 0.164181 0.481724 0.0210406 0.0254422 0.719369
1 0.180015 0.303014 0.0298835 0.34735 0.718843
1 0.565021 0.264685 0.0155609 0.30461 0.697445
2 0.749418 0.384118 0.0164898 0.0210505 0.669106
3 0.586522 0.411911 0.0179091 0.0238813 0.526158
3 0.698686 0.393325 0.0184322 0.0217468 0.518226
