0 0.389189 0.508432 0.0510281 0.0921603 0.934766
4 0.425927 0.487596 0.0298191 0.0415416 0.742686
3 0.82321 0.269435 0.0163675 0.0183532 0.708932
1 0.694371 0.135305 0.016943 0.249311 0.697331
2 0.869706 0.341536 0.0175711 0.0225685 0.693385
3 0.296968 0.247407 0.0156129 0.0176501 0.681723
2 0.366948 0.274887 0.0156299 0.019578 0.643185
2 0.882225 0.271289 0.0141926 0.0171255 0.63909
4 0.522422 0.302802 0.0398531 0.0193408 0.633434
1 0.41072 0.128358 0.0108971 0.245735 0.629507
3 0.710112 0.265143 0.0170269 0.0199796 0.599041
3 0.396531 0.25007 0.0142392 0.017776 0.434238
2 0.712232 0.291551 0.0167347 0.0169328 0.394233
2 0.25499 0.242275 0.0138769 0.0167205 0.258847
