0 0.493492 0.481915 0.0245337 0.0429647 0.916354
2 0.481338 0.956261 0.0417429 0.0645823 0.871663
4 0.514684 0.52635 0.0217823 0.0205329 0.811759
1 0.663411 0.717714 0.0360298 0.564571 0.778733
4 0.418695 0.420532 0.0191275 0.0137661 0.697326
1 0.276873 0.306516 0.0118919 0.185505 0.670647
3 0.10624 0.584768 0.0199121 0.0214683 0.653122
1 0.834681 0.8448 0.0595952 0.3104 0.521538
1 0.486068 0.297766 0.00614641 0.17225 0.497286
2 0.523376 0.397551 0.0122643 0.0143113 0.494618
3 0.26856 0.40413 0.0123103 0.0149257 0.475894
3 0.181191 0.40788 0.012567 0.0150275 0.457149
2 0.182397 0.460856 0.0143562 0.0184986 0.434342
2 0.187206 0.832466 0.0238459 0.0390773 0.421931
3 0.187296 0.837475 0.0243708 0.0458001 0.415162
1 0.276619 0.301222 0.00788288 0.187371 0.3851
