0 0.498233 0.46311 0.0236544 0.0429963 0.936531
2 0.240713 0.680854 0.0352904 0.0436142 0.816996
2 0.561237 0.738162 0.0273489 0.0499127 0.805259
1 0.796692 0.464569 0.0341843 0.857948 0.636767
1 0.262222 0.34223 0.00888778 0.186497 0.622258
3 0.164396 0.436273 0.0161686 0.0155132 0.60965
1 0.80092 0.416025 0.0303403 0.750305 0.497384
1 0.469548 0.332835 0.00746936 0.179446 0.471691
2 0.173365 0.463302 0.0139729 0.0162493 0.455624
3 0.773742 0.900933 0.0294143 0.0368313 0.430078
3 0.615029 0.497714 0.0187849 0.0234426 0.415203
2 0.116238 0.440085 0.0147423 0.0173023 0.352977
1 0.994171 0.788586 0.0116583 0.422828 0.343953
3 0.113832 0.539138 0.0191971 0.0241132 0.322993
1 0.790495 0.67424 0.0415305 0.434565 0.316019
4 0.76666 0.625951 0.0232897 0.0284545 0.292034
1 0.989945 0.701852 0.0201096 0.596295 0.251552
