0 0.504386 0.464023 0.0249222 0.0458567 0.911039
4 0.831511 0.630175 0.0524616 0.0367541 0.854693
1 0.940779 0.499984 0.0483532 0.825355 0.793722
2 0.320217 0.703095 0.0303831 0.0467843 0.779475
2 0.660029 0.757094 0.0250598 0.0415187 0.70795
2 0.164581 0.47027 0.0148511 0.0162095 0.671745
4 0.536071 0.494377 0.0226627 0.0188863 0.552528
2 0.0943333 0.440694 0.0160859 0.0176277 0.514646
1 0.244185 0.332259 0.0084186 0.197813 0.486755
1 0.948109 0.473103 0.0399513 0.745491 0.459089
3 0.134504 0.555025 0.019889 0.0184625 0.412994
2 0.624733 0.504531 0.0163338 0.0225296 0.367573
3 0.14193 0.437102 0.0134866 0.0165001 0.312732
3 0.624473 0.499782 0.0178112 0.0255763 0.273158
