2 0.706544 0.79819 0.0166604 0.0204536 0.865814
4 0.527627 0.737319 0.0275535 0.0181158 0.777853
0 0.420862 0.914141 0.0233183 0.0439001 0.733241
3 0.209201 0.829161 0.0213409 0.0298116 0.690682
1 0.643777 0.627059 0.00909369 0.148468 0.670323
3 0.723044 0.717083 0.0167178 0.0174838 0.620896
2 0.759215 0.726128 0.0153187 0.0193534 0.508299
2 0.640887 0.739669 0.0136081 0.0161702 0.50539
2 0.444559 0.696258 0.0131474 0.0192878 0.504906
3 0.409719 0.658149 0.0120394 0.0145804 0.481901
1 0.475548 0.606889 0.00545442 0.138103 0.453515
4 0.440975 0.894132 0.0161341 0.0222658 0.405982
3 0.729012 0.982974 0.020185 0.032306 0.392138
3 0.507764 0.914381 0.0154059 0.0199573 0.341487
2 0.639718 0.737728 0.0134174 0.01645 0.307252
1 0.477296 0.601833 0.00912648 0.135574 0.306963
