0 0.493505 0.481713 0.0245386 0.0426761 0.915965
2 0.481374 0.956027 0.0416423 0.0642418 0.87143
4 0.514626 0.525956 0.0220134 0.0210123 0.787527
1 0.663638 0.717201 0.0363365 0.565597 0.777224
4 0.418606 0.420064 0.0203684 0.0139611 0.693755
1 0.276834 0.306442 0.0118419 0.185698 0.668369
3 0.10606 0.585141 0.0201074 0.0216355 0.652194
1 0.486047 0.29744 0.00623342 0.172144 0.526902
1 0.834762 0.845017 0.059322 0.309965 0.503835
3 0.268481 0.404242 0.0123406 0.0149045 0.473432
3 0.187347 0.83798 0.0244787 0.0463668 0.43313
3 0.18114 0.407915 0.0122651 0.0150827 0.429542
2 0.187272 0.832927 0.0239984 0.0397882 0.404988
2 0.182372 0.460853 0.0142339 0.018499 0.402676
2 0.523476 0.397652 0.0124199 0.0142308 0.398252
1 0.276594 0.301133 0.0078962 0.187978 0.391544
