0 0.556049 0.524992 0.034609 0.0642987 0.931704
4 0.59468 0.603941 0.0399235 0.0432058 0.899523
4 0.43301 0.393857 0.0388704 0.019981 0.741037
2 0.061666 0.380435 0.0169429 0.0213851 0.719706
3 0.530699 0.320582 0.0150809 0.0190179 0.689709
1 0.247441 0.234823 0.0174909 0.235069 0.679901
2 0.566703 0.351995 0.017989 0.0198371 0.668161
3 0.236448 0.358404 0.0172934 0.0228925 0.662466
2 0.112187 0.468791 0.0171298 0.023685 0.662361
3 0.123123 0.373231 0.0191599 0.0216819 0.643502
3 0.615787 0.310911 0.0145216 0.0166129 0.61758
1 0.514255 0.213265 0.00870954 0.21927 0.567738
2 0.7113 0.373142 0.0185556 0.0372132 0.538734
2 0.248186 0.395366 0.0165379 0.0190609 0.527653
3 0.614416 0.309303 0.0141239 0.0186596 0.42121
3 0.612406 0.310543 0.0163558 0.0174604 0.390364
4 0.40525 0.441175 0.0219542 0.0220934 0.352637
