4 0.405214 0.671568 0.0358205 0.0301577 0.908831
2 0.720566 0.775348 0.0241665 0.0286519 0.856894
4 0.125413 0.975668 0.0564016 0.0463386 0.791728
3 0.745075 0.640348 0.0218374 0.0252815 0.786869
2 0.807601 0.648803 0.0186627 0.0211389 0.745912
3 0.630226 0.621848 0.0186905 0.020364 0.711587
2 0.605424 0.673279 0.0191667 0.0194809 0.689512
2 0.211108 0.554394 0.0143466 0.0177662 0.685796
2 0.283134 0.615088 0.0172676 0.0200751 0.679985
3 0.250374 0.561323 0.0170755 0.0187786 0.600774
1 0.612865 0.495232 0.0111532 0.247438 0.59308
1 0.348557 0.464948 0.0116923 0.223038 0.558571
3 0.335469 0.575434 0.0145743 0.0193155 0.497283
2 0.121886 0.647492 0.0140857 0.034259 0.464347
3 0.0109912 0.942203 0.0219825 0.0472195 0.428345
1 0.614869 0.494453 0.0104442 0.241728 0.42801
