2 0.582008 0.489617 0.0221727 0.0244726 0.848971
3 0.653123 0.81927 0.0279543 0.0532337 0.812303
4 0.272946 0.430893 0.0402701 0.026244 0.786734
1 0.202457 0.235043 0.0170423 0.224377 0.759786
3 0.603579 0.383352 0.0230394 0.0237605 0.721963
3 0.494529 0.377446 0.0165289 0.0189612 0.710242
2 0.471955 0.419226 0.0180701 0.0173046 0.66606
3 0.19566 0.355419 0.0154849 0.0209184 0.660921
4 0.0117122 0.708107 0.0228781 0.0541566 0.655959
2 0.141179 0.391887 0.0184598 0.020301 0.611472
1 0.477167 0.253872 0.0115479 0.249369 0.609824
2 0.659526 0.387113 0.0158899 0.0208437 0.600625
