0 0.36669 0.597056 0.0521089 0.0895905 0.928755
2 0.356775 0.3151 0.0172953 0.0184114 0.808816
4 0.406368 0.566752 0.0332992 0.0470306 0.785249
2 0.87135 0.311815 0.0158927 0.0191129 0.680973
1 0.683874 0.176082 0.0166388 0.245338 0.663413
2 0.857695 0.392132 0.0199371 0.024939 0.663215
2 0.702441 0.335365 0.0145575 0.017405 0.644028
3 0.814746 0.308482 0.0177796 0.018838 0.625259
4 0.512407 0.345567 0.0413056 0.0216885 0.588169
1 0.401083 0.164169 0.0123608 0.239594 0.479224
2 0.244178 0.276893 0.0134814 0.018099 0.372621
3 0.287548 0.283366 0.0176873 0.021693 0.298904
