4 0.312338 0.955105 0.0849898 0.0869322 0.934678
0 0.482057 0.498602 0.0370823 0.0666037 0.92159
4 0.554033 0.332085 0.0288432 0.0158469 0.754221
3 0.0757918 0.44558 0.0236499 0.0345331 0.717963
1 0.695056 0.187455 0.0125513 0.207376 0.674995
3 0.70702 0.294191 0.0118168 0.0133599 0.610617
1 0.453251 0.184821 0.0082019 0.205013 0.527916
2 0.419697 0.308877 0.0131897 0.0155512 0.507012
2 0.291113 0.334214 0.0153443 0.0184096 0.471749
1 0.692701 0.191847 0.0147485 0.218933 0.450057
2 0.834284 0.366576 0.0172317 0.0204595 0.438617
3 0.38484 0.475971 0.0215441 0.0284605 0.274592
