4 0.164056 0.558095 0.0603927 0.0407552 0.880029
2 0.740778 0.729853 0.0396996 0.0423445 0.823847
3 0.771956 0.515654 0.0274184 0.0268139 0.767748
2 0.880585 0.529928 0.0305374 0.0291937 0.759557
2 0.52539 0.558436 0.0270973 0.023375 0.735796
1 0.552258 0.279096 0.015788 0.413417 0.697656
1 0.151306 0.269591 0.0215443 0.354096 0.62708
3 0.140271 0.446449 0.0170469 0.0208101 0.594412
3 0.579906 0.497445 0.0205082 0.0225598 0.518124
2 0.0127402 0.488149 0.0199137 0.0219255 0.514753
3 0.137052 0.447708 0.0195544 0.0224685 0.400882
