0 0.504932 0.464892 0.0248918 0.0453998 0.952505
4 0.83601 0.640028 0.0552662 0.0394949 0.852075
1 0.953258 0.517584 0.0535559 0.794432 0.818296
2 0.671048 0.774331 0.0258469 0.0454749 0.793727
2 0.330814 0.716792 0.0327438 0.0484534 0.762409
2 0.163822 0.469434 0.0150374 0.0168458 0.633306
4 0.53644 0.497337 0.0208587 0.0201396 0.621631
2 0.0919239 0.440399 0.0157886 0.0165525 0.506586
1 0.241934 0.336648 0.0103623 0.18859 0.477617
3 0.141135 0.435278 0.0130369 0.0158032 0.443885
2 0.626049 0.506078 0.0167198 0.0212191 0.431758
1 0.961207 0.506885 0.0434126 0.761503 0.429422
1 0.238309 0.332264 0.00895278 0.197077 0.42331
3 0.23119 0.426136 0.00959731 0.0145566 0.415969
3 0.135932 0.558903 0.0220024 0.0201645 0.403475
1 0.446294 0.323442 0.00734365 0.175962 0.320963
2 0.0911828 0.437821 0.0152524 0.0177263 0.318935
3 0.623164 0.499154 0.017351 0.0255442 0.264711
3 0.4433 0.504501 0.0179283 0.0217206 0.250913
