0 0.293914 0.68048 0.053943 0.0878246 0.923732
4 0.339927 0.637368 0.0404456 0.0503888 0.888155
3 0.666219 0.336364 0.0150222 0.0192243 0.707995
4 0.474831 0.387456 0.0439849 0.0226394 0.703636
2 0.323023 0.352832 0.0161562 0.0187305 0.686561
2 0.214258 0.309997 0.0143972 0.0158331 0.675388
1 0.651917 0.209322 0.0145725 0.250748 0.669614
3 0.260765 0.314535 0.016633 0.0188171 0.663903
2 0.838937 0.349177 0.0156895 0.0192407 0.657364
2 0.813137 0.442434 0.0199848 0.0234627 0.651062
3 0.357549 0.318741 0.0150726 0.0187351 0.634061
1 0.370511 0.200231 0.0111516 0.228337 0.627013
3 0.780184 0.346038 0.0203482 0.0212642 0.517084
2 0.66526 0.376711 0.0137317 0.0169345 0.509742
