1 0.515556 0.952266 0.00924604 0.0739359 0.652171
3 0.409684 0.815602 0.0142919 0.0164177 0.560633
2 0.308559 0.964052 0.0132399 0.0164083 0.465022
2 0.681169 0.757397 0.0103709 0.0134299 0.440333
3 0.339668 0.912331 0.0156967 0.0159191 0.422654
1 0.622315 0.706141 0.00881899 0.0759139 0.405022
1 0.36664 0.952794 0.00973033 0.0814131 0.374482
1 0.368444 0.963801 0.0100891 0.0645282 0.313395
2 0.648657 0.799287 0.0125246 0.0182666 0.30019
2 0.482422 0.714669 0.011784 0.0144048 0.286638
2 0.60532 0.962697 0.0115535 0.0237499 0.266696
2 0.515415 0.744428 0.00972049 0.0135474 0.264038
2 0.308061 0.961021 0.0126095 0.0189072 0.263944
1 0.529699 0.68685 0.00576496 0.0758015 0.253812
