0 0.55774 0.490285 0.0375834 0.0654007 0.935261
4 0.597638 0.557016 0.0363475 0.0366353 0.833704
2 0.572866 0.379277 0.0148085 0.0198495 0.807437
2 0.0606319 0.396845 0.0166819 0.0209222 0.68871
2 0.108111 0.459399 0.0185645 0.0236053 0.684207
1 0.250431 0.263803 0.0146662 0.239385 0.667409
3 0.238897 0.381688 0.0141806 0.016482 0.621302
4 0.439383 0.406911 0.0341856 0.015764 0.596602
3 0.122474 0.39364 0.0198819 0.021789 0.567281
1 0.519639 0.249067 0.00806542 0.212534 0.555877
3 0.62014 0.35261 0.0134418 0.0153262 0.464861
3 0.535662 0.359056 0.0129706 0.017007 0.457695
2 0.662315 0.347621 0.0117836 0.0148278 0.33908
3 0.239655 0.384904 0.0164574 0.0212014 0.323764
3 0.237546 0.383205 0.0150753 0.02042 0.317251
3 0.617588 0.351746 0.0142572 0.0177185 0.280057
2 0.246357 0.405835 0.0151388 0.0162344 0.253001
