0 0.555401 0.544013 0.0345486 0.0653857 0.931839
4 0.594764 0.623511 0.0397582 0.0443947 0.855533
4 0.433132 0.40532 0.0379345 0.0228957 0.829139
3 0.122516 0.384637 0.0190625 0.0204551 0.794941
2 0.564705 0.363743 0.0164936 0.0202576 0.743023
1 0.247102 0.249441 0.0182184 0.235002 0.682739
2 0.11265 0.486245 0.0171318 0.0230199 0.682531
2 0.654226 0.315118 0.013476 0.0167933 0.630716
2 0.0610139 0.392034 0.0172993 0.021215 0.611923
3 0.531798 0.331972 0.0151751 0.0186877 0.604922
1 0.514309 0.225192 0.00883905 0.216546 0.58534
4 0.404491 0.490657 0.0220832 0.0271837 0.570293
2 0.24753 0.408259 0.0160708 0.0187395 0.56869
2 0.713095 0.385147 0.0156577 0.0294512 0.545836
3 0.615538 0.320575 0.0137358 0.0162587 0.343452
2 0.992999 0.519053 0.0137897 0.0390708 0.250662
