0 0.492581 0.46946 0.0232518 0.0419398 0.932181
4 0.514221 0.509404 0.0218727 0.0188804 0.859265
3 0.103723 0.556587 0.0203225 0.0218458 0.808689
2 0.475165 0.850905 0.0361395 0.0545002 0.804746
1 0.654726 0.594496 0.0363931 0.795769 0.779782
1 0.822942 0.713559 0.0575115 0.572883 0.774032
2 0.17856 0.752639 0.0242434 0.0355615 0.746849
1 0.486644 0.317372 0.00710276 0.173086 0.639269
1 0.27784 0.319391 0.0113203 0.183157 0.610203
3 0.42062 0.515345 0.0163727 0.0249271 0.486629
4 0.416791 0.427292 0.0196245 0.0127179 0.457014
3 0.135794 0.424244 0.0142851 0.0164041 0.395964
2 0.635735 0.420546 0.0131104 0.0181382 0.340468
1 0.580426 0.392174 0.0174373 0.0756733 0.288921
