0 0.728726 0.956155 0.0733458 0.0841044 0.919971
4 0.45682 0.557873 0.0549973 0.0425539 0.833347
2 0.647348 0.468265 0.0207208 0.0247132 0.776624
2 0.880483 0.516428 0.0244843 0.0314052 0.737425
2 0.167715 0.560966 0.0247274 0.0275632 0.733917
3 0.164181 0.481723 0.0210393 0.0254385 0.719308
1 0.180015 0.30302 0.0298814 0.347343 0.718957
1 0.565025 0.264671 0.0155579 0.304592 0.697398
2 0.749419 0.384117 0.0164871 0.0210479 0.668941
3 0.586534 0.4119 0.0179033 0.0238711 0.528597
3 0.698688 0.393327 0.0184315 0.0217439 0.517366
