0 0.498181 0.462848 0.0232529 0.0430086 0.934582
2 0.240691 0.680705 0.0350722 0.0435552 0.813913
2 0.561204 0.73822 0.0271831 0.0494652 0.806927
1 0.79679 0.46502 0.0342124 0.858571 0.645532
3 0.164363 0.436358 0.0164356 0.0156751 0.630972
1 0.2621 0.342214 0.00892673 0.186103 0.620009
1 0.801053 0.416569 0.0302599 0.750345 0.524871
1 0.469557 0.334208 0.00749071 0.176733 0.482329
3 0.614745 0.497622 0.0194918 0.0239961 0.467847
3 0.77419 0.901202 0.0298677 0.0369463 0.448005
2 0.17335 0.46325 0.0140577 0.0162652 0.441037
1 0.994243 0.791193 0.0115131 0.417613 0.342119
1 0.790497 0.674814 0.0412435 0.434076 0.32306
3 0.113846 0.539219 0.0193127 0.0243078 0.315429
2 0.116232 0.439849 0.0153039 0.0175795 0.311821
4 0.766661 0.625888 0.0232631 0.0284767 0.284107
