0 0.492552 0.469551 0.0232325 0.0414849 0.936598
4 0.514051 0.509406 0.0215322 0.0190295 0.826945
2 0.475297 0.850825 0.0361773 0.0544968 0.811662
3 0.103463 0.557095 0.0203159 0.021572 0.790909
1 0.654561 0.5997 0.0368364 0.789209 0.783123
1 0.822929 0.713507 0.0589162 0.572987 0.767951
2 0.178687 0.752926 0.02467 0.0358556 0.743773
1 0.277965 0.319774 0.0112548 0.182813 0.617364
1 0.486694 0.316213 0.00691088 0.175504 0.611283
3 0.420901 0.515448 0.0164231 0.0247746 0.487463
4 0.416467 0.427374 0.0216007 0.0132583 0.392849
3 0.135695 0.424364 0.0141533 0.0163375 0.3638
2 0.635948 0.420213 0.0134803 0.0187643 0.342157
