0 0.550649 0.489198 0.0365362 0.0674644 0.90548
3 0.152522 0.42433 0.0260293 0.0365417 0.759609
1 0.766285 0.183507 0.0200769 0.217959 0.720292
1 0.520052 0.171031 0.00852729 0.199974 0.669841
2 0.485736 0.297505 0.0134315 0.0168348 0.598193
2 0.912233 0.366407 0.0175861 0.0220417 0.476181
2 0.356403 0.321569 0.0145627 0.0192535 0.466201
3 0.776366 0.288907 0.0130562 0.0162883 0.438575
3 0.877955 0.300068 0.0180775 0.0189956 0.433872
3 0.506599 0.271734 0.0110411 0.0152229 0.396242
3 0.425802 0.268507 0.0143191 0.015864 0.347982
3 0.422737 0.26835 0.0141588 0.0148619 0.310797
