0 0.498198 0.463057 0.0234739 0.0429725 0.935032
2 0.240711 0.68087 0.035309 0.0437162 0.816941
2 0.561225 0.738224 0.0271368 0.0494649 0.807051
1 0.796652 0.464743 0.0342996 0.858044 0.639483
1 0.262232 0.342203 0.0088499 0.186564 0.621453
3 0.164402 0.43627 0.016159 0.0154497 0.608103
1 0.800851 0.416383 0.0304173 0.750546 0.49295
1 0.469499 0.332957 0.00742568 0.17962 0.467394
2 0.173368 0.463304 0.0139672 0.0162388 0.454387
3 0.615025 0.497664 0.0188063 0.0236755 0.439817
3 0.773725 0.900929 0.0294899 0.0367889 0.437796
2 0.116234 0.440089 0.0147283 0.0172923 0.353143
1 0.994164 0.789531 0.0116714 0.420938 0.345552
1 0.790512 0.674107 0.0415775 0.434725 0.312543
3 0.113874 0.539292 0.0190387 0.0243462 0.29525
4 0.766648 0.625971 0.023311 0.028328 0.283131
1 0.989947 0.702399 0.0201058 0.595202 0.251414
