0 0.522836 0.492966 0.0353088 0.0696796 0.891938
3 0.109629 0.441423 0.0243401 0.0368194 0.768024
4 0.579615 0.328945 0.0304642 0.0181448 0.725467
1 0.716503 0.185449 0.0160432 0.211253 0.689261
4 0.387994 0.952177 0.0828043 0.0956466 0.661673
1 0.475502 0.180703 0.0070612 0.206391 0.650705
2 0.86139 0.363637 0.0157005 0.0200518 0.60773
2 0.315606 0.331355 0.0148675 0.0168471 0.540704
3 0.826334 0.299086 0.0156936 0.0175735 0.454586
3 0.727897 0.290778 0.0126369 0.0145436 0.416053
2 0.442747 0.305401 0.0132412 0.0159878 0.305257
2 0.734906 0.320786 0.0131251 0.0170301 0.283074
4 0.333079 0.833741 0.181574 0.331062 0.264807
