0 0.493538 0.485561 0.0251538 0.0463355 0.923296
4 0.515123 0.53194 0.0228313 0.0230974 0.88439
3 0.106581 0.597857 0.0189054 0.0209572 0.822303
3 0.180902 0.405132 0.0137858 0.0152221 0.80317
1 0.66335 0.757224 0.0386286 0.485552 0.802779
1 0.277109 0.30347 0.0125603 0.186896 0.695442
2 0.188549 0.860369 0.0227891 0.0340058 0.688491
2 0.635069 0.409143 0.0170545 0.0202187 0.619838
2 0.182516 0.461095 0.0145976 0.0187819 0.564181
1 0.4856 0.290519 0.0067751 0.176199 0.526806
4 0.363575 0.447945 0.0227424 0.0185109 0.505232
4 0.417864 0.419425 0.0243565 0.013704 0.499641
1 0.276508 0.295734 0.00794149 0.183647 0.394033
2 0.478586 0.980569 0.0341667 0.0388616 0.39291
2 0.276811 0.418697 0.0146235 0.0144321 0.334504
3 0.267639 0.397185 0.0143304 0.0181037 0.270183
