2 0.582039 0.489601 0.0216512 0.0234977 0.853193
3 0.653215 0.818883 0.0284116 0.0519491 0.826406
4 0.272966 0.430909 0.0400301 0.0262855 0.786695
1 0.202466 0.235099 0.0171159 0.224325 0.761518
3 0.603642 0.383174 0.022817 0.0231602 0.731048
3 0.494582 0.377442 0.016488 0.0188731 0.708737
2 0.471984 0.419193 0.0181951 0.0172813 0.662665
4 0.0117296 0.707938 0.0229081 0.0537747 0.657207
3 0.195684 0.35542 0.0154252 0.0207468 0.656465
2 0.659568 0.387007 0.0157215 0.020558 0.62176
2 0.141192 0.391856 0.0183587 0.0201385 0.611322
1 0.477231 0.253966 0.0115025 0.249198 0.608453
