1 0.515557 0.952263 0.00924628 0.0739137 0.651895
3 0.40969 0.815596 0.0142818 0.0164111 0.558269
2 0.308558 0.964052 0.0132594 0.016412 0.467896
2 0.681165 0.757394 0.0103661 0.0134128 0.440126
3 0.339673 0.912328 0.0156939 0.0159068 0.423376
1 0.622314 0.706157 0.00881938 0.0759246 0.404281
1 0.366639 0.952749 0.00973511 0.0812908 0.373389
1 0.368448 0.963814 0.0100949 0.0644907 0.313174
2 0.648634 0.799359 0.0125026 0.0182416 0.292525
2 0.482434 0.714833 0.0118225 0.0144774 0.283814
2 0.308066 0.961035 0.0126303 0.018921 0.264756
2 0.515421 0.744303 0.00974016 0.0135538 0.260891
2 0.605328 0.962771 0.011542 0.0238767 0.26071
1 0.529698 0.686841 0.00576324 0.0758346 0.253724
