0 0.536628 0.488299 0.0357885 0.0666703 0.88598
3 0.118825 0.438715 0.0248951 0.0340947 0.779589
3 0.832847 0.29566 0.0139292 0.0158587 0.756583
2 0.871631 0.3593 0.0147055 0.0201341 0.702817
1 0.723239 0.184924 0.0155474 0.21328 0.605899
3 0.735784 0.289473 0.0125255 0.0152627 0.596296
1 0.480724 0.174661 0.00700181 0.201217 0.587232
3 0.666018 0.485228 0.0224739 0.0328031 0.574817
2 0.880505 0.297521 0.0129573 0.0170559 0.521903
3 0.43131 0.468955 0.0193115 0.0275462 0.492156
2 0.323307 0.327677 0.0151838 0.0196901 0.349667
2 0.741002 0.318419 0.0126562 0.014842 0.3409
1 0.723978 0.186042 0.0100836 0.219682 0.306042
