0 0.553448 0.490704 0.0353358 0.063535 0.937599
4 0.591104 0.555472 0.035185 0.0363765 0.832988
2 0.569516 0.38058 0.0149395 0.0183355 0.791395
2 0.0660869 0.398739 0.0159039 0.0196018 0.712231
1 0.252167 0.267573 0.0150112 0.232455 0.695434
2 0.114247 0.459237 0.0185676 0.0230015 0.669956
3 0.240495 0.383312 0.0142611 0.0165226 0.639643
3 0.534873 0.360914 0.0135771 0.0164523 0.592082
3 0.126567 0.395234 0.019645 0.0198111 0.561454
4 0.436508 0.407595 0.0338643 0.0159091 0.553035
1 0.517031 0.251592 0.00757047 0.211162 0.525094
3 0.617687 0.353877 0.0114334 0.0145278 0.5054
2 0.659449 0.350591 0.0128617 0.0139546 0.445071
3 0.240156 0.384992 0.0181119 0.0206064 0.401233
