0 0.556003 0.525297 0.0345287 0.0628304 0.930791
4 0.594992 0.604006 0.0399 0.0429168 0.895972
4 0.433371 0.393809 0.0388714 0.0203928 0.765641
2 0.0615299 0.380414 0.0172199 0.0215421 0.727422
3 0.53063 0.32051 0.0151245 0.0191472 0.698701
1 0.247362 0.234678 0.0177229 0.235386 0.687301
2 0.112065 0.469074 0.0170946 0.0235291 0.664955
3 0.236481 0.358567 0.0173129 0.0228449 0.660635
2 0.5667 0.351698 0.0181148 0.019983 0.653594
3 0.123104 0.373245 0.0192916 0.0217746 0.645601
3 0.615813 0.310901 0.014295 0.0166222 0.598452
2 0.248113 0.395575 0.0166082 0.019113 0.562921
1 0.514319 0.213057 0.00868474 0.219665 0.559485
2 0.711993 0.372828 0.0217168 0.0439845 0.464748
3 0.614356 0.309352 0.0139128 0.0187859 0.417247
3 0.612358 0.310449 0.0161083 0.0173294 0.399956
4 0.405189 0.441147 0.0218268 0.0219374 0.392579
