0 0.731415 0.955404 0.0739794 0.0848775 0.912249
4 0.45817 0.557158 0.0539738 0.0438068 0.844445
2 0.648089 0.467857 0.0201286 0.0254629 0.784019
2 0.169426 0.561424 0.0238972 0.0273054 0.759687
2 0.881516 0.51548 0.0251248 0.0319242 0.752173
1 0.181073 0.300354 0.0281692 0.346325 0.729226
1 0.566416 0.261674 0.0165062 0.308731 0.691184
3 0.166196 0.480669 0.020516 0.0259998 0.657297
3 0.587272 0.411518 0.0177189 0.0242018 0.610032
2 0.751605 0.384225 0.0174698 0.0217626 0.585841
3 0.700048 0.392988 0.0198198 0.0224659 0.405288
