0 0.394036 0.489003 0.0511761 0.0904351 0.944538
4 0.52563 0.290438 0.0382944 0.0191755 0.751796
1 0.695725 0.127364 0.0167981 0.243855 0.698247
3 0.711321 0.251636 0.0148749 0.0171341 0.654583
4 0.430379 0.469541 0.0263058 0.0390606 0.635943
2 0.367879 0.26636 0.015087 0.0164579 0.618402
1 0.412816 0.119589 0.0119589 0.238621 0.612425
2 0.872144 0.329066 0.0175797 0.0208878 0.589994
2 0.882963 0.262551 0.0154007 0.0190717 0.561015
3 0.397657 0.24357 0.0148636 0.0175658 0.354983
3 0.298675 0.239586 0.0163596 0.0199208 0.285332
3 0.711848 0.256458 0.0152317 0.01921 0.273291
2 0.715109 0.283246 0.0157917 0.019369 0.271207
