0 0.492553 0.469551 0.0232384 0.0414888 0.936597
4 0.514055 0.5094 0.021546 0.0190251 0.825718
2 0.475283 0.850807 0.0361034 0.0544254 0.810421
3 0.103476 0.557079 0.0203404 0.0215702 0.790838
1 0.654571 0.600078 0.0368071 0.787784 0.784764
1 0.822889 0.713493 0.0590378 0.573013 0.768329
2 0.178687 0.752926 0.0246712 0.0358583 0.74354
1 0.277965 0.319771 0.0112527 0.182855 0.617453
1 0.486692 0.316228 0.00690422 0.175536 0.610283
3 0.420901 0.51545 0.0164246 0.0247734 0.48957
4 0.416466 0.427375 0.0215768 0.0132591 0.390976
3 0.135695 0.424363 0.0141535 0.016334 0.362311
2 0.635943 0.420219 0.0134662 0.0187717 0.341386
