0 0.52207 0.485384 0.0304388 0.0531189 0.913324
4 0.913228 0.908207 0.0846573 0.0897461 0.904633
4 0.550373 0.537542 0.0259281 0.0287713 0.84905
3 0.0317518 0.618738 0.0270424 0.0356556 0.846973
3 0.15242 0.402085 0.0171786 0.0193058 0.767935
2 0.14731 0.460865 0.0149506 0.0207651 0.646426
1 0.263973 0.283927 0.0124291 0.215743 0.642176
3 0.909421 0.480941 0.0291399 0.0306805 0.57537
4 0.427479 0.417063 0.0306174 0.016254 0.373695
2 0.0994133 0.405351 0.0170739 0.0188059 0.331181
1 0.502881 0.272217 0.00835402 0.195945 0.293238
