0 0.504727 0.463935 0.0250807 0.0465068 0.935767
4 0.836929 0.634978 0.054261 0.0384646 0.901526
1 0.954149 0.507828 0.0504597 0.778175 0.796334
2 0.329496 0.710044 0.0303883 0.0457254 0.753595
4 0.537629 0.496078 0.0236319 0.0200796 0.722025
2 0.163646 0.46992 0.0153841 0.0168707 0.649558
2 0.0918935 0.440632 0.0159202 0.0170491 0.573386
3 0.135456 0.555696 0.019286 0.0190139 0.51876
1 0.242083 0.337041 0.0107825 0.18847 0.475486
2 0.670068 0.7642 0.0255796 0.0425854 0.475415
3 0.140373 0.436185 0.0136301 0.0155546 0.40505
1 0.237994 0.333067 0.0085061 0.19791 0.396001
2 0.626142 0.504809 0.017257 0.0217845 0.39405
1 0.961787 0.465489 0.0417737 0.6962 0.38896
1 0.446377 0.326468 0.00720442 0.175743 0.354546
3 0.582574 0.484046 0.014827 0.022851 0.277421
