0 0.555965 0.525366 0.0344218 0.0626567 0.927184
4 0.594571 0.603928 0.0404005 0.0430606 0.899931
4 0.432939 0.39405 0.0401841 0.020111 0.730787
2 0.0616362 0.380485 0.0169641 0.021425 0.718442
3 0.530679 0.320554 0.0151592 0.0192038 0.696273
1 0.247447 0.234723 0.0174804 0.235143 0.67863
2 0.112168 0.468802 0.0173146 0.0239066 0.673066
2 0.566802 0.351871 0.0180613 0.0197356 0.670897
3 0.236535 0.358462 0.0172942 0.0228355 0.655986
3 0.1231 0.373186 0.0192022 0.0218036 0.637446
3 0.615721 0.310893 0.0147139 0.016798 0.627107
2 0.712236 0.372536 0.0182375 0.0289748 0.604303
1 0.514239 0.213307 0.00866852 0.219266 0.56676
2 0.248078 0.395456 0.0165688 0.0190459 0.536104
3 0.612529 0.310629 0.0165209 0.0177235 0.413036
