0 0.553486 0.490696 0.0353661 0.0634707 0.935384
4 0.591085 0.555333 0.0351368 0.0365405 0.836091
2 0.569467 0.380796 0.0152447 0.0183521 0.782802
2 0.0659415 0.398845 0.0158956 0.0197695 0.710898
1 0.252152 0.267177 0.0151796 0.233209 0.703668
2 0.114168 0.459336 0.018573 0.0231052 0.680924
3 0.240548 0.383378 0.0141822 0.0164707 0.637376
3 0.534926 0.360924 0.0138161 0.0166078 0.600589
3 0.126606 0.395257 0.0199253 0.0198048 0.5617
4 0.436589 0.407794 0.0344526 0.0161109 0.536133
3 0.617639 0.354006 0.0114247 0.0143582 0.529894
1 0.51693 0.251987 0.00786257 0.2105 0.526748
3 0.240187 0.385214 0.0180138 0.0203227 0.400765
2 0.659044 0.350408 0.0135107 0.0143817 0.393947
