0 0.394037 0.489003 0.0511655 0.0904513 0.944531
4 0.52563 0.290439 0.0382961 0.0191731 0.752209
1 0.695725 0.127347 0.0167985 0.243853 0.697827
3 0.711321 0.251638 0.0148745 0.0171367 0.654313
4 0.43038 0.469545 0.0262972 0.0390669 0.634564
2 0.367887 0.266361 0.0151402 0.016458 0.618349
1 0.412811 0.119569 0.0119673 0.238728 0.612013
2 0.872142 0.329065 0.0175824 0.0208908 0.589783
2 0.882962 0.262554 0.0154015 0.0190708 0.561341
3 0.397648 0.243571 0.0148896 0.0176076 0.354397
3 0.298675 0.239568 0.0163381 0.0199774 0.287306
2 0.715124 0.283256 0.015781 0.0193556 0.274063
3 0.711846 0.25645 0.0152295 0.0192037 0.272996
