0 0.497977 0.462667 0.0228016 0.0432403 0.935803
2 0.561206 0.738551 0.02658 0.0481454 0.813435
2 0.240655 0.680823 0.0353113 0.0437721 0.812134
1 0.796687 0.46367 0.0345335 0.853086 0.661754
1 0.262115 0.342231 0.00872293 0.186287 0.617672
3 0.164462 0.436194 0.016175 0.0153058 0.561332
1 0.800558 0.414629 0.0309391 0.745484 0.523017
1 0.469481 0.333998 0.00740394 0.177342 0.473686
3 0.774203 0.901103 0.0297921 0.0367922 0.457105
3 0.614551 0.497332 0.0191527 0.0235617 0.430969
2 0.173566 0.463399 0.0142283 0.0162002 0.41862
4 0.767188 0.625866 0.0228236 0.0286298 0.386663
1 0.994077 0.793895 0.0118469 0.412211 0.347293
3 0.113731 0.539139 0.019249 0.0240398 0.323668
1 0.790211 0.669894 0.0389252 0.436636 0.32332
2 0.116324 0.439938 0.0152151 0.017456 0.309258
2 0.614751 0.501004 0.0188307 0.0252308 0.254514
