0 0.557744 0.490281 0.0375965 0.0653901 0.935681
4 0.597687 0.557026 0.0363746 0.0368817 0.833384
2 0.57286 0.379281 0.0148569 0.0199305 0.808519
2 0.0606308 0.396841 0.0166667 0.0209151 0.688587
2 0.108112 0.459396 0.0185649 0.0236063 0.684552
1 0.250414 0.263783 0.0146841 0.239443 0.667106
3 0.238899 0.381691 0.0141737 0.0164959 0.621011
4 0.439395 0.406908 0.0341617 0.015801 0.598608
3 0.122474 0.39364 0.0198773 0.0217954 0.567267
1 0.519602 0.249139 0.00810796 0.212284 0.560647
3 0.620179 0.352596 0.0134672 0.0153685 0.469461
3 0.535662 0.359086 0.0130038 0.0170656 0.464451
2 0.662364 0.347996 0.0120208 0.0144986 0.364903
3 0.239662 0.384899 0.0164507 0.0212238 0.323073
3 0.237547 0.383209 0.0150752 0.0204395 0.314117
3 0.617589 0.351779 0.0142935 0.0177346 0.281418
2 0.246351 0.405827 0.01514 0.0162463 0.254302
