0 0.542303 0.487035 0.0353977 0.0640264 0.914603
3 0.13178 0.431137 0.0258604 0.0337291 0.758573
1 0.741417 0.181855 0.0179159 0.213881 0.718633
3 0.851729 0.295354 0.0151415 0.0147907 0.684762
2 0.886903 0.3607 0.016024 0.0207351 0.636454
2 0.758404 0.317907 0.0127882 0.0152393 0.604687
4 0.602349 0.321158 0.0312302 0.0172635 0.526281
3 0.674028 0.487304 0.0194972 0.0329829 0.503075
1 0.496491 0.170762 0.00822439 0.198612 0.494324
2 0.465241 0.296655 0.0130354 0.0162967 0.408645
2 0.899412 0.296411 0.0141216 0.0171272 0.36743
3 0.752893 0.287847 0.0131922 0.0161568 0.30818
3 0.48333 0.272866 0.0116313 0.0135343 0.271591
