3 0.649778 0.837051 0.0287493 0.0509849 0.830971
4 0.234071 0.401246 0.0437117 0.0238104 0.825387
2 0.5726 0.463214 0.0222128 0.0241943 0.788831
2 0.659419 0.358708 0.0165554 0.0218349 0.780641
2 0.0958977 0.362389 0.0194834 0.0220848 0.756516
3 0.59755 0.354202 0.0196071 0.0244304 0.734523
1 0.166098 0.197063 0.0208469 0.253048 0.72423
3 0.0560583 0.319287 0.0178001 0.0190832 0.591612
1 0.458944 0.207147 0.0117382 0.270223 0.55152
2 0.451696 0.392891 0.0179989 0.0209015 0.338014
3 0.477272 0.348936 0.0175022 0.0215552 0.273345
