0 0.530295 0.488647 0.0344963 0.0645408 0.922904
3 0.114839 0.438873 0.0262578 0.0338158 0.80511
3 0.830692 0.296344 0.0162796 0.0158601 0.751946
2 0.866771 0.360627 0.0166424 0.0191664 0.718446
1 0.720441 0.18375 0.0168886 0.218123 0.654703
3 0.733802 0.292164 0.0133352 0.0141668 0.570637
1 0.478316 0.176327 0.00798511 0.201002 0.508694
4 0.406547 0.944172 0.0674552 0.107035 0.459055
2 0.877615 0.298683 0.0134388 0.0177909 0.434122
2 0.738186 0.317076 0.0139025 0.0157742 0.391554
2 0.32124 0.327284 0.0160773 0.0201372 0.373043
1 0.476974 0.182119 0.0066551 0.19728 0.364369
