0 0.394036 0.489003 0.0511656 0.0904499 0.944817
4 0.525661 0.29043 0.0382923 0.019128 0.748913
1 0.695723 0.127426 0.0168194 0.243748 0.699183
3 0.711321 0.25164 0.0148728 0.0171445 0.655511
4 0.430389 0.469549 0.0262878 0.0390614 0.634471
2 0.367849 0.266431 0.0150941 0.0164021 0.617991
1 0.41281 0.119597 0.0119711 0.238776 0.612325
2 0.872144 0.329063 0.017577 0.0208818 0.589603
2 0.882966 0.262555 0.0153957 0.0190633 0.56101
3 0.39762 0.243547 0.014899 0.0176246 0.370767
3 0.298687 0.239563 0.0163343 0.0199844 0.289133
3 0.711846 0.256453 0.0152238 0.0192139 0.274032
2 0.715109 0.283249 0.0157791 0.0193692 0.271527
