0 0.49804 0.462803 0.0229069 0.0427258 0.934263
2 0.240698 0.680755 0.0350919 0.0434849 0.814366
2 0.561064 0.738323 0.0268171 0.0488929 0.807509
1 0.796752 0.464482 0.0346131 0.854363 0.65732
1 0.26219 0.342436 0.00879439 0.185779 0.616775
3 0.164263 0.436101 0.0163722 0.015566 0.606436
1 0.800685 0.416999 0.0309111 0.751071 0.522441
3 0.774128 0.901086 0.0298704 0.0367682 0.487623
1 0.469476 0.334329 0.00739724 0.177165 0.467925
3 0.614725 0.49749 0.0192877 0.0236581 0.465311
2 0.173436 0.463315 0.0141179 0.0161474 0.442175
1 0.994143 0.786604 0.0117141 0.426792 0.345016
3 0.113913 0.539293 0.0194646 0.0242169 0.313163
1 0.790593 0.674255 0.0412004 0.433557 0.299036
4 0.766826 0.626111 0.0228866 0.0283468 0.280719
2 0.116232 0.439997 0.0151662 0.0174252 0.268672
