4 0.175236 0.873413 0.0908567 0.0868774 0.928134
0 0.667365 0.545727 0.0427797 0.080167 0.915136
4 0.725449 0.537243 0.0404963 0.0374925 0.876961
2 0.103978 0.512298 0.0254263 0.0352619 0.744447
3 0.419468 0.372406 0.0267652 0.0276449 0.704756
1 0.908627 0.188966 0.0217076 0.240785 0.660283
4 0.970844 0.391956 0.0376411 0.0205121 0.645248
2 0.674517 0.322155 0.0159235 0.0223836 0.529513
2 0.831063 0.326087 0.0176712 0.0233977 0.350221
2 0.747949 0.27086 0.0141748 0.0166671 0.337473
1 0.904574 0.189605 0.0172527 0.244914 0.296107
3 0.790307 0.278665 0.0165383 0.0214577 0.269003
