0 0.737617 0.876331 0.0755587 0.133188 0.944859
4 0.461299 0.503729 0.0551537 0.0411847 0.835419
1 0.183298 0.25324 0.0288724 0.348424 0.804717
2 0.171865 0.505129 0.0211388 0.0258261 0.789191
2 0.884849 0.464863 0.0219387 0.0294749 0.788597
3 0.701156 0.35431 0.0183554 0.0191962 0.702193
2 0.650085 0.422893 0.0203549 0.02431 0.656846
3 0.168173 0.435729 0.0216303 0.0261357 0.652648
1 0.569626 0.225395 0.0127106 0.306453 0.640373
3 0.58951 0.373037 0.01763 0.0217611 0.59413
4 0.42646 0.618807 0.0246639 0.0298604 0.384817
2 0.75339 0.348782 0.0174072 0.0222625 0.260518
