0 0.553532 0.49074 0.0353487 0.0635752 0.936558
4 0.591162 0.555449 0.035093 0.0360859 0.836944
2 0.569485 0.380839 0.0152288 0.018517 0.789598
2 0.0661494 0.398777 0.0159616 0.0198194 0.714447
1 0.252173 0.267177 0.0150643 0.233123 0.700016
2 0.114193 0.459337 0.0184793 0.0229088 0.674177
3 0.240576 0.383209 0.0140441 0.0164836 0.640047
3 0.534626 0.360856 0.0136252 0.016534 0.622694
3 0.126486 0.395366 0.0197319 0.0199195 0.58352
4 0.436603 0.407747 0.0342684 0.0162459 0.538639
3 0.617885 0.354063 0.0115996 0.0145797 0.537632
1 0.516826 0.251662 0.00770434 0.211158 0.527426
2 0.659129 0.349963 0.0131441 0.0139318 0.421095
3 0.240256 0.38501 0.0179695 0.0203445 0.386643
