0 0.244232 0.69937 0.0541117 0.0885762 0.946149
4 0.295465 0.656227 0.0460651 0.0560796 0.913383
2 0.784659 0.452227 0.0192399 0.0223062 0.858149
4 0.448591 0.399391 0.0413425 0.0230192 0.852297
2 0.81643 0.358396 0.0185024 0.020914 0.805965
3 0.758553 0.355074 0.018264 0.0195322 0.720365
1 0.629794 0.219195 0.0154053 0.24666 0.669686
2 0.194693 0.317544 0.0121743 0.0152488 0.604738
1 0.349447 0.209861 0.0134521 0.234823 0.58877
3 0.238459 0.321476 0.0165458 0.0188594 0.540246
2 0.988407 0.744722 0.0231855 0.0552801 0.513874
2 0.640754 0.386241 0.0153776 0.0171347 0.460154
3 0.334972 0.331086 0.0152692 0.0176818 0.40091
2 0.299702 0.363049 0.0167286 0.0185742 0.359506
