0 0.728724 0.956156 0.0733459 0.0841005 0.919581
4 0.45682 0.557873 0.0549998 0.0425514 0.833346
2 0.647348 0.468266 0.0207196 0.0247096 0.777086
2 0.880483 0.516422 0.0244805 0.0313956 0.737111
2 0.167714 0.560966 0.0247246 0.0275642 0.734176
3 0.164182 0.481725 0.0210439 0.0254447 0.719408
1 0.180014 0.303012 0.0298782 0.347336 0.718897
1 0.565025 0.264669 0.0155571 0.304594 0.697576
2 0.749418 0.384118 0.01649 0.0210506 0.668909
3 0.586536 0.411902 0.0179011 0.0238737 0.528116
3 0.698688 0.393328 0.0184334 0.0217463 0.518097
