3 0.649735 0.836679 0.0290818 0.051706 0.820482
4 0.234192 0.40117 0.044268 0.0233947 0.811832
2 0.572564 0.463009 0.0221562 0.0240367 0.790334
2 0.659291 0.359102 0.0167191 0.0221378 0.784894
2 0.0960588 0.362286 0.019709 0.0219906 0.744908
3 0.597545 0.354263 0.0197057 0.024176 0.733768
1 0.16608 0.196951 0.0209443 0.253526 0.723264
3 0.055899 0.319392 0.0180387 0.0192503 0.610648
1 0.459013 0.206926 0.0115234 0.270413 0.540547
2 0.451266 0.392957 0.0183274 0.0207819 0.351563
3 0.477225 0.348951 0.0175933 0.0215886 0.312385
