4 0.670814 0.891823 0.0599357 0.0712885 0.922645
0 0.616235 0.765626 0.0433282 0.0803736 0.910622
4 0.452259 0.525509 0.0425631 0.0308966 0.860579
3 0.0923909 0.49161 0.0223547 0.023041 0.823416
2 0.0211798 0.504729 0.0210813 0.023831 0.786266
2 0.23586 0.528378 0.0168512 0.0213794 0.771605
3 0.225409 0.468987 0.0193547 0.0243153 0.762184
2 0.070825 0.651349 0.0218869 0.028605 0.716005
1 0.237764 0.330363 0.0202985 0.272029 0.704673
3 0.650963 0.399687 0.0162639 0.0187589 0.69363
2 0.776294 0.494269 0.0216415 0.0280066 0.653423
3 0.556877 0.415894 0.0157666 0.0212648 0.639853
1 0.539792 0.29739 0.0110268 0.245587 0.636846
2 0.600739 0.460378 0.0185865 0.0202022 0.488063
2 0.691088 0.391506 0.0115595 0.016487 0.270783
