0 0.55605 0.525004 0.0346117 0.0643214 0.931244
4 0.59468 0.60394 0.0399929 0.0431953 0.899961
4 0.433003 0.393855 0.0388909 0.0199743 0.740658
2 0.0616641 0.380436 0.0169485 0.0213912 0.719636
3 0.530692 0.320578 0.0150715 0.0190074 0.688941
1 0.24744 0.234829 0.0174922 0.235069 0.679412
2 0.566701 0.352012 0.0179796 0.0198494 0.667922
2 0.11219 0.468793 0.0171411 0.0236946 0.662868
3 0.236448 0.358405 0.0172995 0.0228988 0.662844
3 0.123122 0.373236 0.0191635 0.0216944 0.643706
3 0.615788 0.310903 0.0144958 0.0166041 0.615402
1 0.514257 0.213247 0.00870072 0.219312 0.567002
2 0.248184 0.395366 0.0165456 0.0190682 0.52759
2 0.711224 0.374098 0.0178415 0.0398415 0.451148
3 0.614423 0.309301 0.014102 0.018666 0.421155
3 0.612398 0.310532 0.0163363 0.0174594 0.387635
4 0.405249 0.441166 0.0219528 0.0220544 0.349657
