0 0.394038 0.489003 0.0511824 0.0904106 0.944069
4 0.525628 0.290438 0.0382789 0.0191741 0.751681
1 0.695727 0.127363 0.0167921 0.243856 0.698392
3 0.71132 0.25163 0.0148634 0.017118 0.653358
4 0.430382 0.469528 0.0263123 0.0390531 0.639253
2 0.367894 0.266365 0.0151277 0.0164621 0.620236
1 0.412805 0.119573 0.0119747 0.238682 0.612559
2 0.872144 0.329062 0.0175697 0.0208585 0.588312
2 0.882961 0.262552 0.0153816 0.0190479 0.559456
3 0.397652 0.243572 0.0148865 0.0175992 0.355939
3 0.298635 0.2396 0.0162922 0.0198575 0.290021
3 0.711842 0.256444 0.0152061 0.0191668 0.272276
2 0.715117 0.283259 0.0157685 0.0193429 0.271572
