0 0.14193 0.735557 0.0561145 0.0892048 0.931164
4 0.205816 0.686981 0.0499831 0.0543345 0.872809
4 0.396294 0.416101 0.0421486 0.0251171 0.861705
3 0.8938 0.782318 0.0354225 0.0486836 0.824821
2 0.59121 0.403243 0.0148586 0.0176057 0.820917
2 0.725144 0.473021 0.017604 0.0215593 0.803505
2 0.252103 0.379166 0.0187358 0.0210591 0.784131
2 0.769467 0.375417 0.0171224 0.0200687 0.767423
1 0.305099 0.223038 0.0151874 0.23175 0.685855
3 0.294821 0.342402 0.0176027 0.0211891 0.65484
3 0.600365 0.362806 0.0167833 0.018297 0.631326
1 0.584584 0.238307 0.011985 0.247802 0.62829
2 0.152878 0.332252 0.0128121 0.0155485 0.621494
3 0.198269 0.338396 0.0168254 0.018677 0.536637
3 0.711962 0.372068 0.0208351 0.0214346 0.477055
2 0.150755 0.333375 0.0156292 0.0173418 0.376508
3 0.292498 0.343415 0.0169729 0.0198488 0.308839
2 0.0788223 0.418504 0.0157734 0.0261961 0.287588
