0 0.536542 0.488247 0.035606 0.0662163 0.890276
3 0.118793 0.438619 0.0250471 0.0341362 0.783894
3 0.832829 0.295717 0.0140251 0.0158276 0.756752
2 0.871647 0.359211 0.0146946 0.0200772 0.702408
1 0.723229 0.184729 0.0156456 0.213892 0.62323
3 0.735766 0.289489 0.0125526 0.0153989 0.614808
1 0.480779 0.174766 0.00697403 0.201053 0.587417
2 0.880338 0.297438 0.0129276 0.0168943 0.53258
3 0.66586 0.485339 0.0221648 0.0327619 0.519558
3 0.431217 0.469056 0.0199066 0.0282748 0.518265
2 0.323237 0.32768 0.0153268 0.0196578 0.345534
2 0.741088 0.318401 0.0125942 0.0147873 0.310636
1 0.723966 0.185923 0.0101206 0.219689 0.298776
