0 0.497921 0.46275 0.0227499 0.0429749 0.937234
2 0.240688 0.680652 0.0352718 0.0435635 0.812138
2 0.561353 0.738291 0.0273571 0.0491209 0.804139
1 0.79678 0.464791 0.0340802 0.853295 0.656435
1 0.262293 0.341745 0.00880938 0.186748 0.62308
3 0.164483 0.436357 0.0164015 0.0156131 0.606387
1 0.800691 0.41591 0.030557 0.747982 0.488367
3 0.774593 0.901043 0.0304853 0.0373557 0.48724
1 0.469387 0.333998 0.00742674 0.178283 0.468291
2 0.173355 0.463469 0.0141155 0.0160954 0.462417
3 0.614222 0.497687 0.0194796 0.0238929 0.403836
3 0.113633 0.538853 0.0192348 0.0242761 0.367768
4 0.767009 0.626068 0.0232411 0.0286519 0.33969
1 0.790094 0.676172 0.0388888 0.427077 0.338065
1 0.994358 0.784442 0.0112835 0.431115 0.325083
2 0.614438 0.500831 0.0191954 0.0255256 0.27895
