0 0.518408 0.493696 0.0345657 0.0660346 0.906473
3 0.10515 0.443014 0.0247226 0.0354994 0.769464
4 0.57603 0.328804 0.0324016 0.0175976 0.699656
2 0.859641 0.365104 0.0156033 0.0198038 0.689561
1 0.714722 0.187448 0.0172821 0.211447 0.623851
3 0.822903 0.299381 0.0168282 0.0179401 0.570627
3 0.724228 0.291171 0.0126365 0.01759 0.533995
1 0.474556 0.17866 0.00794123 0.207862 0.478517
1 0.471645 0.177678 0.00856839 0.200236 0.39954
2 0.313632 0.330176 0.0165428 0.0181836 0.379232
2 0.441903 0.306305 0.0123649 0.0165543 0.339293
3 0.417718 0.470614 0.0212754 0.0296874 0.292875
