3 0.649772 0.837052 0.0287433 0.0509735 0.830819
4 0.23407 0.401246 0.0437101 0.0238082 0.825293
2 0.572599 0.463213 0.022217 0.0241926 0.788746
2 0.659421 0.358711 0.0165477 0.0218284 0.780731
2 0.0959012 0.362387 0.0194873 0.0220882 0.75633
3 0.597548 0.354207 0.0196033 0.0244133 0.734612
1 0.166098 0.197062 0.020847 0.25305 0.724181
3 0.0560594 0.319285 0.017801 0.0190833 0.591709
1 0.458945 0.207149 0.0117398 0.270229 0.55166
2 0.451695 0.392892 0.0180021 0.0208996 0.338157
3 0.477272 0.348937 0.0175039 0.0215516 0.273987
