0 0.344622 0.642941 0.0529551 0.0876927 0.938488
2 0.346086 0.335059 0.0172185 0.0199598 0.781873
4 0.385977 0.604243 0.0381418 0.0468943 0.759948
2 0.842659 0.417988 0.018903 0.0234596 0.702715
3 0.280839 0.299116 0.0175113 0.0201612 0.685807
1 0.390742 0.186627 0.0147749 0.234168 0.66632
2 0.234699 0.294775 0.0141215 0.0178623 0.65739
2 0.860106 0.330978 0.0166183 0.0192223 0.656709
1 0.674252 0.1909 0.0153968 0.24548 0.633744
4 0.50081 0.368269 0.0448548 0.025299 0.620539
2 0.6903 0.35687 0.0142481 0.0169875 0.58916
3 0.804005 0.328802 0.0188386 0.0186101 0.467242
3 0.688338 0.320542 0.0155633 0.0197073 0.394388
1 0.673782 0.187148 0.0110384 0.256991 0.376385
