0 0.501319 0.496708 0.0361858 0.0677842 0.921677
4 0.344056 0.954085 0.0826563 0.0912488 0.899051
3 0.0919774 0.444844 0.0240065 0.0354543 0.779777
4 0.568877 0.330613 0.033461 0.016145 0.7145
1 0.704955 0.187588 0.0162121 0.214836 0.693745
2 0.862104 0.303492 0.013314 0.0161293 0.588597
3 0.813685 0.300661 0.01493 0.0167237 0.580515
1 0.463256 0.180025 0.00808841 0.201815 0.57011
2 0.84788 0.365262 0.015361 0.0196552 0.56628
3 0.716234 0.292827 0.0115641 0.0134224 0.551458
2 0.301661 0.333549 0.0146102 0.017097 0.507345
2 0.431238 0.306976 0.0132515 0.0161568 0.355674
2 0.722385 0.321331 0.0129206 0.0179251 0.281956
