0 0.493394 0.469677 0.0237747 0.0426814 0.93387
3 0.104483 0.55802 0.0206322 0.0217351 0.804277
1 0.847059 0.716088 0.062046 0.567823 0.789828
2 0.48572 0.847498 0.0354716 0.0509229 0.787623
1 0.673994 0.610623 0.0382204 0.7658 0.769675
4 0.514811 0.508348 0.0204651 0.0175658 0.753968
2 0.186786 0.752585 0.024112 0.0349085 0.730597
1 0.276671 0.320721 0.011994 0.188339 0.563162
4 0.442935 0.466506 0.0177919 0.0226442 0.536081
2 0.133729 0.424367 0.0144169 0.016428 0.477311
1 0.483683 0.315437 0.00743407 0.172565 0.460397
1 0.276583 0.318209 0.00750151 0.190881 0.434687
2 0.634898 0.419199 0.0152435 0.0169496 0.356065
3 0.422781 0.516074 0.0160393 0.0250782 0.268107
