0 0.526408 0.492194 0.0352058 0.0670075 0.907245
3 0.110434 0.44151 0.0248662 0.0343756 0.762122
1 0.718177 0.186041 0.0151451 0.216394 0.676748
3 0.826432 0.297453 0.0152092 0.015854 0.580429
4 0.395804 0.948041 0.0691836 0.101304 0.580007
3 0.729367 0.291189 0.0120114 0.0137216 0.554914
2 0.317095 0.329412 0.0159061 0.0177293 0.54687
2 0.862848 0.361525 0.0155491 0.0197872 0.541335
1 0.476512 0.183103 0.00665228 0.197224 0.520465
4 0.582795 0.328599 0.0308656 0.0175062 0.490849
1 0.47735 0.177434 0.00912554 0.201643 0.432099
3 0.656549 0.488862 0.0217355 0.0344675 0.32554
2 0.735668 0.320292 0.0132392 0.0166334 0.2547
