0 0.536566 0.488432 0.0356592 0.0665466 0.892606
3 0.118808 0.438736 0.0250033 0.0343182 0.77741
3 0.832878 0.295721 0.0137926 0.0156139 0.745679
2 0.871657 0.35927 0.0147026 0.0200327 0.711069
1 0.723357 0.184909 0.0156395 0.213617 0.612
3 0.73585 0.289485 0.0126145 0.0154477 0.60126
1 0.480792 0.174686 0.00698206 0.201453 0.589421
2 0.880439 0.297361 0.0129928 0.0170417 0.543461
3 0.665933 0.485215 0.0226521 0.0332453 0.535265
3 0.431313 0.469021 0.019621 0.0276238 0.512038
2 0.323183 0.327675 0.0152393 0.0197526 0.367915
2 0.741035 0.31838 0.0126446 0.0148019 0.341585
1 0.724048 0.185998 0.0101045 0.219659 0.31405
