0 0.556042 0.524996 0.0346472 0.0643395 0.931939
4 0.594675 0.603939 0.0398327 0.0431764 0.898204
4 0.432858 0.39404 0.0399865 0.02001 0.726332
2 0.0616619 0.380436 0.0170008 0.0214238 0.718699
3 0.530705 0.320593 0.0151133 0.0191233 0.689023
1 0.247438 0.234829 0.017492 0.235076 0.676967
2 0.566693 0.352002 0.0179993 0.0198899 0.672721
2 0.112187 0.468803 0.017242 0.0238033 0.666282
3 0.236443 0.358388 0.0173214 0.0229898 0.664737
3 0.123124 0.37323 0.0192127 0.0217968 0.646457
2 0.711373 0.373383 0.0186401 0.0326223 0.64435
3 0.615792 0.310919 0.0145498 0.0166541 0.622631
1 0.514265 0.213347 0.00873108 0.21911 0.567706
2 0.248196 0.395365 0.016615 0.0191039 0.52721
3 0.614423 0.309311 0.014131 0.0187301 0.41993
3 0.612417 0.310541 0.0163859 0.0175101 0.391205
2 0.718235 0.371327 0.028664 0.0391508 0.290211
