0 0.498244 0.462876 0.0235237 0.0430856 0.934911
2 0.240671 0.680825 0.0352254 0.0436526 0.814534
2 0.5612 0.738199 0.0272517 0.0495893 0.805605
1 0.796764 0.462194 0.0343613 0.862349 0.649181
1 0.262137 0.342 0.00890345 0.18673 0.619409
3 0.164427 0.43631 0.0161718 0.0154893 0.60911
1 0.801098 0.416429 0.0305126 0.753013 0.523387
1 0.469682 0.33322 0.00741538 0.178915 0.470315
3 0.773814 0.901022 0.0294035 0.0369321 0.437916
2 0.173383 0.46328 0.0140146 0.0161944 0.429672
3 0.614961 0.497708 0.0190025 0.0234739 0.42023
1 0.994179 0.789356 0.0116411 0.421288 0.352674
1 0.790525 0.674156 0.041675 0.434085 0.295669
3 0.113759 0.538895 0.0192021 0.0244154 0.295576
2 0.116179 0.440115 0.0147695 0.0171137 0.292488
4 0.766624 0.626038 0.0233963 0.0282885 0.280238
