0 0.731 0.947157 0.0749584 0.100634 0.937956
3 0.586284 0.404328 0.0173059 0.0262566 0.851135
2 0.169118 0.55225 0.022859 0.0275735 0.826712
4 0.458604 0.54832 0.0551355 0.0432388 0.825138
2 0.882387 0.506472 0.0229508 0.032198 0.821131
2 0.6463 0.460365 0.0214987 0.0245938 0.769626
3 0.165987 0.472709 0.0215452 0.0263736 0.766589
1 0.180481 0.289767 0.0309811 0.349573 0.744384
3 0.700732 0.386123 0.0182707 0.0210037 0.722136
1 0.566243 0.256116 0.0161241 0.308427 0.693866
2 0.750291 0.376958 0.0166215 0.0230957 0.670465
