0 0.510029 0.496918 0.0366383 0.0657279 0.900018
4 0.378404 0.952829 0.0672698 0.0900655 0.849925
4 0.575202 0.331684 0.0316995 0.0165653 0.78558
3 0.722152 0.293771 0.0117977 0.0147809 0.776665
4 0.358156 0.951241 0.106485 0.0914561 0.720964
3 0.0972477 0.445559 0.0227343 0.0347463 0.716114
1 0.709698 0.188442 0.015723 0.211529 0.669669
2 0.306569 0.334039 0.0140167 0.0173418 0.657957
1 0.468005 0.182255 0.00757666 0.203267 0.570327
2 0.853022 0.365301 0.0146324 0.0199381 0.534338
2 0.43517 0.30792 0.0130721 0.0161013 0.50231
3 0.816792 0.300356 0.0148991 0.0177092 0.493864
2 0.864737 0.303512 0.0144729 0.0175277 0.472586
