0 0.526366 0.491609 0.0354189 0.0653434 0.915692
3 0.111181 0.441248 0.0253683 0.0348243 0.759788
1 0.7183 0.185529 0.0158206 0.21611 0.68663
4 0.395844 0.948152 0.0719534 0.101236 0.617509
3 0.826628 0.297617 0.0156929 0.0163207 0.598628
2 0.863059 0.361387 0.0155796 0.01979 0.570351
3 0.729574 0.291383 0.0122492 0.01357 0.558393
2 0.316827 0.329904 0.0156827 0.0171318 0.540351
4 0.58268 0.328659 0.0297072 0.0175564 0.536806
1 0.476553 0.181878 0.00685447 0.199397 0.509755
1 0.476865 0.178935 0.0101084 0.201828 0.427108
3 0.42325 0.470383 0.0204306 0.0327155 0.314277
3 0.656494 0.489078 0.0219365 0.0344189 0.292799
2 0.44395 0.304921 0.015135 0.0184523 0.266895
