0 0.495532 0.468427 0.023413 0.0432182 0.962435
2 0.524836 0.837725 0.0324106 0.0514423 0.826694
1 0.936968 0.703413 0.0656162 0.593175 0.797409
1 0.73363 0.60253 0.0420633 0.785249 0.795461
2 0.213917 0.749178 0.0305571 0.0338798 0.785526
4 0.518114 0.506844 0.0197502 0.0189557 0.710751
2 0.628584 0.420035 0.0138962 0.0169861 0.613092
3 0.110795 0.558341 0.0193304 0.0211735 0.59947
1 0.475833 0.314553 0.00638581 0.17138 0.577386
1 0.269628 0.320961 0.0108975 0.180456 0.562097
1 0.736271 0.535638 0.0336788 0.648887 0.536067
3 0.172496 0.421537 0.0134408 0.0147628 0.491539
2 0.177736 0.461134 0.014195 0.0178423 0.464259
4 0.442874 0.466455 0.0172497 0.0220183 0.450266
3 0.49357 0.400365 0.0125488 0.0135629 0.393259
2 0.125572 0.426722 0.0144683 0.0144364 0.273441
