0 0.293907 0.680533 0.0542184 0.0879277 0.918108
4 0.339791 0.63736 0.0402612 0.0503397 0.884061
3 0.66633 0.336404 0.015055 0.0192905 0.718549
4 0.474837 0.38749 0.0440206 0.0225837 0.709774
2 0.838886 0.348525 0.0155386 0.0189942 0.68071
2 0.213856 0.310152 0.0145496 0.0162887 0.673089
2 0.323289 0.352638 0.0162435 0.0188038 0.665302
3 0.357782 0.31871 0.0152405 0.0190563 0.663887
3 0.260262 0.314945 0.0167387 0.0185222 0.66263
2 0.813169 0.442442 0.019973 0.0234651 0.660885
1 0.651867 0.209575 0.0143536 0.251031 0.653934
1 0.370311 0.20267 0.0114005 0.230855 0.612795
3 0.780142 0.345951 0.0203148 0.0211516 0.506233
2 0.66523 0.376306 0.0137331 0.0170655 0.503117
