2 0.581866 0.489175 0.0225168 0.0249513 0.8397
3 0.653118 0.819517 0.0280381 0.0532508 0.817106
4 0.272978 0.430588 0.0399061 0.0259254 0.786481
1 0.202608 0.234861 0.0171338 0.224719 0.766209
3 0.603803 0.383182 0.0230211 0.0236053 0.732662
3 0.195528 0.35548 0.0156171 0.021137 0.6854
3 0.494373 0.377185 0.0162431 0.0183909 0.684327
2 0.471854 0.419228 0.0182669 0.0174229 0.657884
4 0.0116338 0.708631 0.0230074 0.0565021 0.655576
1 0.47709 0.254143 0.0114905 0.248237 0.618178
2 0.141044 0.392042 0.0185654 0.0204536 0.611871
2 0.659466 0.387143 0.0160624 0.0207727 0.601388
3 0.0999266 0.349698 0.0179133 0.022459 0.275176
