2 0.731983 0.755929 0.030537 0.0339282 0.833907
4 0.325372 0.628431 0.0442393 0.0343434 0.827392
2 0.837693 0.60112 0.0237153 0.0231234 0.733489
2 0.185835 0.564123 0.0210238 0.0234909 0.663592
2 0.581374 0.629919 0.0225323 0.0208456 0.640943
3 0.612297 0.573336 0.018625 0.0219542 0.621661
3 0.75997 0.591487 0.0237363 0.0262551 0.620496
1 0.594532 0.409637 0.0125155 0.30456 0.591736
3 0.161202 0.508335 0.0183634 0.0208257 0.541882
1 0.275124 0.383674 0.0144774 0.271986 0.525135
3 0.261354 0.522248 0.0162555 0.0198298 0.32385
1 0.275004 0.380238 0.0102676 0.287824 0.25136
