0 0.497919 0.462731 0.022741 0.0430628 0.940007
2 0.240687 0.680654 0.0350991 0.0434681 0.81127
2 0.561354 0.738552 0.0271555 0.049267 0.809963
1 0.796807 0.464876 0.0341652 0.853405 0.658709
1 0.262292 0.341771 0.00877327 0.186699 0.622087
3 0.164483 0.436339 0.0164466 0.0155898 0.60846
1 0.800638 0.415337 0.0307211 0.746569 0.493341
3 0.77459 0.901033 0.0305172 0.0371967 0.478164
1 0.469373 0.334068 0.00745452 0.177842 0.468895
2 0.173347 0.463449 0.0141345 0.016073 0.459927
3 0.614309 0.497741 0.0189176 0.0238703 0.394494
4 0.76705 0.626027 0.0231724 0.0288386 0.385294
1 0.790077 0.677674 0.0389679 0.423748 0.336896
3 0.113668 0.538965 0.0190665 0.0244926 0.335005
1 0.994362 0.786215 0.0112768 0.42757 0.325947
2 0.61455 0.500978 0.0186851 0.0253076 0.297486
2 0.116326 0.439845 0.0153372 0.0175578 0.271827
