0 0.570743 0.701659 0.0351204 0.0644307 0.945945
4 0.444219 0.514751 0.0352026 0.0280762 0.844392
4 0.610251 0.795065 0.0438801 0.0538161 0.843778
3 0.131121 0.486821 0.0186567 0.0213628 0.815619
3 0.623228 0.40428 0.0141306 0.0180968 0.807089
2 0.257345 0.517925 0.0169844 0.0201765 0.787691
2 0.0715358 0.496739 0.0184924 0.0220519 0.763924
1 0.256543 0.345105 0.0181375 0.236317 0.72152
3 0.246517 0.467417 0.0187179 0.023215 0.695317
2 0.125087 0.618547 0.0177717 0.0231315 0.683496
2 0.724104 0.488137 0.016552 0.0238219 0.642809
1 0.522016 0.312546 0.00967023 0.210345 0.602538
2 0.661779 0.397077 0.0144209 0.0181998 0.593688
4 0.41795 0.624768 0.0218248 0.0314685 0.483115
3 0.538565 0.418231 0.0158329 0.0200502 0.438798
2 0.574836 0.46008 0.0167647 0.0199269 0.346823
