0 0.737524 0.863568 0.0759628 0.130361 0.945134
4 0.460917 0.49641 0.0575836 0.0390481 0.865868
3 0.16841 0.427243 0.0206386 0.024815 0.827092
1 0.183436 0.24955 0.0286136 0.350329 0.800096
2 0.884429 0.457794 0.021645 0.0282859 0.756274
2 0.649755 0.417396 0.0208071 0.0238795 0.673772
1 0.569824 0.214178 0.0126159 0.313679 0.632807
2 0.172503 0.498457 0.0207004 0.0265317 0.562351
2 0.752863 0.342377 0.0173799 0.0204827 0.500809
3 0.589452 0.366804 0.0179526 0.0243368 0.489999
3 0.70211 0.350202 0.0184977 0.0191438 0.473311
