4 0.232027 0.951431 0.0471091 0.0490178 0.855301
0 0.173043 0.980041 0.0391365 0.0382244 0.852985
2 0.7174 0.782708 0.0222398 0.0235813 0.820342
4 0.441064 0.689292 0.0319145 0.0236394 0.809143
2 0.792734 0.670121 0.0177778 0.0202588 0.780266
2 0.256837 0.579821 0.012983 0.0165858 0.763008
3 0.73847 0.661681 0.0201719 0.021682 0.72989
3 0.636654 0.645061 0.0162222 0.0204705 0.671715
2 0.328469 0.638718 0.0159017 0.0186605 0.668519
2 0.61473 0.691797 0.0175713 0.0172337 0.632985
1 0.383044 0.49995 0.008961 0.192877 0.632205
1 0.620445 0.532573 0.00894772 0.223067 0.583616
3 0.371167 0.600945 0.0145793 0.0170971 0.432732
2 0.911846 0.426349 0.0163803 0.0255475 0.412288
3 0.292569 0.586383 0.0157599 0.0190988 0.390416
