0 0.556042 0.524993 0.0346442 0.0643231 0.932018
4 0.59467 0.603939 0.039851 0.0431808 0.89828
4 0.432859 0.394038 0.0399864 0.0200073 0.72625
2 0.0616614 0.380436 0.0169952 0.0214184 0.719015
3 0.530703 0.320594 0.0151111 0.019117 0.689064
1 0.247438 0.234833 0.017491 0.235089 0.677122
2 0.566695 0.352004 0.018005 0.0198902 0.672108
2 0.112187 0.468801 0.017242 0.0237962 0.666269
3 0.236442 0.358388 0.0173205 0.0229824 0.665105
3 0.123125 0.37323 0.0192115 0.02179 0.646128
2 0.711241 0.373225 0.0181269 0.0331975 0.640481
3 0.615797 0.310919 0.0145532 0.0166471 0.623449
1 0.514263 0.213335 0.00873195 0.219131 0.5674
2 0.248193 0.395363 0.0166154 0.0190992 0.527055
3 0.614425 0.309309 0.0141241 0.0187185 0.42059
3 0.612422 0.310543 0.0163893 0.0175049 0.391128
