0 0.497913 0.462759 0.022738 0.0427753 0.936693
2 0.561368 0.738459 0.027288 0.0492929 0.812168
2 0.240587 0.680795 0.0350717 0.0434046 0.81149
1 0.796672 0.465148 0.0345097 0.85594 0.656272
3 0.164367 0.436364 0.016351 0.0153783 0.61891
1 0.26228 0.342002 0.00865373 0.186823 0.61574
1 0.80063 0.41412 0.0309006 0.745057 0.496775
3 0.77393 0.901009 0.0301081 0.0372831 0.470418
1 0.469483 0.33528 0.00758779 0.175913 0.468357
3 0.614761 0.497657 0.0193016 0.0234885 0.438471
2 0.173402 0.463372 0.0141787 0.0160932 0.427986
2 0.116286 0.439877 0.0153079 0.0175732 0.371644
4 0.766926 0.626155 0.0232701 0.0283522 0.35324
1 0.994045 0.794971 0.0119093 0.410057 0.339225
3 0.113616 0.538922 0.0191923 0.0239557 0.318651
1 0.790288 0.672344 0.0386619 0.43319 0.309059
