0 0.561798 0.615225 0.0353332 0.0629349 0.909182
4 0.599316 0.701692 0.0427495 0.0485008 0.843552
1 0.518018 0.264406 0.00887764 0.213838 0.746158
2 0.7206 0.431036 0.0174246 0.0240828 0.715161
1 0.250692 0.29072 0.0175102 0.23522 0.709572
2 0.568912 0.40703 0.0163967 0.0204392 0.698099
2 0.0645931 0.440501 0.01819 0.0204542 0.684783
2 0.657107 0.353452 0.0134749 0.0165419 0.647325
4 0.438322 0.4557 0.040617 0.0249178 0.642482
2 0.1165 0.543715 0.0203423 0.0258044 0.584019
3 0.534703 0.372415 0.0154041 0.0202931 0.551833
3 0.125581 0.431002 0.0194446 0.0197763 0.551605
3 0.611707 0.359968 0.013729 0.0162652 0.534954
3 0.615492 0.359755 0.0135447 0.0159926 0.370296
4 0.40836 0.553574 0.0212291 0.030016 0.315286
2 0.250821 0.458371 0.0185401 0.0217392 0.277702
2 0.993953 0.584336 0.0118899 0.0441327 0.256185
