4 0.312335 0.955104 0.0850151 0.0869525 0.934491
0 0.482047 0.498617 0.0370781 0.0665419 0.921684
4 0.55405 0.332089 0.0287783 0.015858 0.755242
3 0.0757891 0.445497 0.0236696 0.0343735 0.724092
1 0.695043 0.187483 0.0125194 0.207282 0.677499
3 0.70702 0.294188 0.0118071 0.0133527 0.610598
1 0.453255 0.184864 0.00820085 0.205037 0.528599
2 0.419687 0.308878 0.0131767 0.0155027 0.49989
1 0.692684 0.191862 0.0147148 0.218864 0.450341
2 0.290535 0.33429 0.0146818 0.0183154 0.440909
2 0.834281 0.366581 0.0172178 0.0204323 0.434561
