0 0.497965 0.46274 0.0227904 0.042898 0.933499
2 0.24069 0.680651 0.0353072 0.0435409 0.812266
2 0.561344 0.738304 0.0274876 0.0493169 0.802786
1 0.796793 0.465115 0.0341679 0.854154 0.657145
1 0.262252 0.341827 0.00881263 0.186583 0.623058
3 0.16448 0.436352 0.0164024 0.0156333 0.607226
1 0.800694 0.415483 0.0305756 0.747291 0.496929
3 0.774613 0.901061 0.030537 0.0374796 0.482836
1 0.469418 0.33397 0.00743285 0.178563 0.473155
2 0.173353 0.463467 0.0141104 0.0161096 0.463127
3 0.614262 0.49764 0.0194986 0.0236478 0.39065
3 0.113631 0.538854 0.0192485 0.0243159 0.367745
4 0.767005 0.626085 0.0233143 0.0286912 0.339016
1 0.790087 0.676902 0.038911 0.425723 0.335351
1 0.994359 0.784352 0.0112829 0.431297 0.32471
2 0.614508 0.50093 0.0192443 0.0252892 0.281318
