0 0.494995 0.496499 0.0362199 0.0651159 0.900455
3 0.0862152 0.444605 0.0239402 0.0364167 0.747612
4 0.566252 0.330565 0.0317268 0.016246 0.726199
1 0.701559 0.188814 0.0162252 0.214168 0.699582
1 0.461339 0.181714 0.00812727 0.203943 0.592707
3 0.811156 0.301053 0.014687 0.0160801 0.577381
2 0.297978 0.332297 0.0137121 0.0161254 0.571211
2 0.843912 0.365254 0.0151119 0.0195636 0.546586
2 0.859583 0.305311 0.0142973 0.0159256 0.534967
3 0.713505 0.292595 0.0130966 0.0171935 0.41349
2 0.428452 0.307862 0.013198 0.014968 0.382909
3 0.394738 0.475729 0.0188098 0.0292842 0.299249
