0 0.536564 0.488426 0.0356571 0.0665392 0.892351
3 0.118783 0.438707 0.0249988 0.0342572 0.777365
3 0.832877 0.295721 0.0137874 0.0156121 0.74565
2 0.871657 0.359268 0.0146906 0.0200219 0.710644
1 0.723357 0.184908 0.0156393 0.213623 0.612867
3 0.735851 0.289486 0.0126133 0.0154502 0.601446
1 0.480782 0.174681 0.00699663 0.201373 0.591594
2 0.880438 0.29736 0.0129845 0.0170295 0.543905
3 0.665929 0.485216 0.0226347 0.0332188 0.533469
3 0.43135 0.469011 0.0196015 0.0277624 0.498184
2 0.32324 0.327701 0.0153375 0.019793 0.375529
2 0.741033 0.318378 0.0126333 0.0147972 0.340632
1 0.724047 0.186001 0.0101083 0.219651 0.313383
