0 0.577659 0.735438 0.0343272 0.0646621 0.926258
4 0.617758 0.832326 0.047707 0.0547701 0.902758
4 0.449651 0.5362 0.0375366 0.0282579 0.842326
2 0.730254 0.510017 0.0186972 0.0267247 0.816208
2 0.130781 0.643328 0.0194625 0.0245722 0.807758
3 0.136111 0.50875 0.0177303 0.0207197 0.787393
3 0.250546 0.488805 0.0180264 0.0216451 0.778492
3 0.626752 0.423567 0.0148193 0.0190282 0.704359
2 0.0761613 0.517554 0.0205986 0.0208142 0.685478
1 0.261598 0.36929 0.0177023 0.231793 0.68421
2 0.262245 0.539906 0.0160917 0.0194543 0.600459
3 0.542704 0.438845 0.015621 0.0201906 0.583082
1 0.527008 0.330786 0.00997008 0.21554 0.543007
2 0.580695 0.479101 0.0182406 0.0213837 0.484793
3 0.541305 0.436922 0.014441 0.0210231 0.394553
2 0.665024 0.416691 0.0140592 0.0188622 0.341912
