0 0.553504 0.490694 0.0353735 0.063517 0.93521
4 0.591081 0.555285 0.0351463 0.0364479 0.836692
2 0.569459 0.380798 0.0153134 0.0183991 0.786331
2 0.0659381 0.398827 0.0158431 0.0197116 0.71126
1 0.25216 0.267201 0.0151612 0.233165 0.703523
2 0.114165 0.459337 0.0185406 0.0230622 0.679121
3 0.240538 0.383363 0.0141355 0.0164442 0.635746
3 0.534919 0.360924 0.013785 0.0165792 0.593676
3 0.126594 0.395254 0.0198502 0.0197744 0.558688
4 0.436578 0.407777 0.0343189 0.0160617 0.538923
1 0.51693 0.251972 0.00785179 0.210579 0.528032
3 0.617614 0.354057 0.0114483 0.0143666 0.526106
2 0.659017 0.350595 0.0132997 0.0141439 0.422164
3 0.240179 0.385195 0.0179793 0.0203023 0.399341
