0 0.49792 0.462751 0.0227492 0.0429705 0.937472
2 0.240688 0.680655 0.0352849 0.043574 0.811989
2 0.56135 0.738297 0.0273423 0.0490924 0.803938
1 0.796787 0.464856 0.0341363 0.853086 0.655766
1 0.26229 0.341753 0.00881429 0.186724 0.62307
3 0.164483 0.436354 0.0163995 0.0156069 0.606512
1 0.800683 0.415595 0.0306246 0.747283 0.49472
3 0.774591 0.901043 0.0304935 0.0373644 0.486667
1 0.469379 0.33402 0.007424 0.178244 0.4693
2 0.173355 0.46347 0.0141141 0.0160923 0.462483
3 0.614223 0.497693 0.0194852 0.0239001 0.404003
3 0.113635 0.538853 0.0192379 0.024267 0.367721
4 0.767015 0.626067 0.0232526 0.0287028 0.346209
1 0.79009 0.676401 0.0388916 0.426619 0.338045
1 0.994357 0.784409 0.0112863 0.431182 0.325166
2 0.614439 0.500835 0.0191988 0.0255204 0.279501
