0 0.556049 0.525006 0.0346154 0.0643315 0.931042
4 0.594679 0.603942 0.0400042 0.0431972 0.900021
4 0.432999 0.39386 0.0388902 0.019983 0.741463
2 0.0616607 0.380436 0.0169523 0.021393 0.719664
3 0.530692 0.320573 0.0150758 0.0190117 0.689769
1 0.24744 0.234828 0.0174914 0.235066 0.679492
2 0.566702 0.352001 0.0179741 0.0198462 0.667648
2 0.112191 0.468794 0.0171512 0.0237016 0.663402
3 0.236446 0.358404 0.0173026 0.022901 0.662857
3 0.123122 0.373235 0.0191675 0.0217043 0.643885
3 0.615789 0.310905 0.0144989 0.0166086 0.615683
1 0.514255 0.213252 0.00869857 0.219308 0.567265
2 0.248187 0.395367 0.0165453 0.0190687 0.527986
2 0.711214 0.37409 0.0178485 0.0398381 0.45209
3 0.614423 0.309297 0.0141044 0.0186696 0.421382
3 0.612401 0.310533 0.0163391 0.0174635 0.387967
4 0.405245 0.441166 0.0219525 0.0220682 0.350092
