0 0.394039 0.489007 0.0511918 0.0904077 0.944096
4 0.52563 0.290442 0.0382837 0.0191758 0.751772
1 0.695728 0.127382 0.0167895 0.243821 0.698334
3 0.71132 0.251625 0.0148604 0.0171082 0.652309
4 0.430387 0.469521 0.0263197 0.0390555 0.640938
2 0.3679 0.26636 0.0151402 0.0164612 0.61995
1 0.412802 0.119574 0.0119802 0.238715 0.612516
2 0.872146 0.32905 0.0175579 0.0208022 0.586596
2 0.882961 0.262551 0.0153603 0.0190015 0.557113
3 0.397651 0.24357 0.0148929 0.0176043 0.355096
3 0.298635 0.239604 0.0162969 0.0198553 0.291971
3 0.711842 0.256434 0.0152054 0.0191421 0.271478
2 0.715104 0.283257 0.0157626 0.0193426 0.269014
