4 0.312335 0.955105 0.0850191 0.0869483 0.934533
0 0.48205 0.498605 0.0370766 0.0665739 0.922018
4 0.554052 0.33209 0.0287779 0.0158603 0.75517
3 0.0757862 0.445503 0.0236742 0.0343474 0.723538
1 0.695044 0.187487 0.01252 0.207286 0.677646
3 0.707021 0.294188 0.0118114 0.0133558 0.610838
1 0.453257 0.184871 0.00819826 0.205034 0.527983
2 0.419686 0.308872 0.0131815 0.0155016 0.497448
1 0.692683 0.191864 0.0147179 0.218871 0.450751
2 0.290715 0.334336 0.0149596 0.0185057 0.447459
2 0.834293 0.366581 0.0171978 0.0204213 0.436882
3 0.384911 0.475976 0.0215366 0.0284094 0.255746
