0 0.616103 0.514201 0.0363301 0.0689043 0.925313
4 0.255871 0.923509 0.082115 0.100408 0.867945
4 0.653441 0.503055 0.0324337 0.0344508 0.808974
4 0.800001 0.354546 0.0350322 0.0201193 0.787829
3 0.297994 0.391923 0.0276627 0.0326664 0.672854
3 0.614207 0.272685 0.0141753 0.0164137 0.646136
1 0.718985 0.181459 0.014563 0.214049 0.59302
2 0.530831 0.31773 0.0141892 0.0289136 0.584174
2 0.666081 0.308557 0.0153086 0.022214 0.581986
2 0.578662 0.265532 0.0133359 0.0151854 0.500068
1 0.995249 0.211312 0.00950104 0.254749 0.418514
3 0.664491 0.309251 0.014427 0.0239547 0.306981
1 0.716321 0.184584 0.010612 0.213031 0.292945
1 0.721681 0.183161 0.0138887 0.218496 0.265964
