0 0.555627 0.509152 0.0341574 0.0651979 0.905374
4 0.593894 0.580405 0.039008 0.0397215 0.874406
4 0.434631 0.401536 0.0355505 0.0206674 0.837028
3 0.123688 0.383261 0.0195448 0.021108 0.79616
2 0.112833 0.46624 0.0182659 0.0228454 0.725237
2 0.247394 0.402386 0.0139374 0.0177827 0.676986
1 0.250224 0.250931 0.0178213 0.235055 0.668402
2 0.566781 0.365149 0.015473 0.0186278 0.615959
3 0.530809 0.339334 0.0140234 0.0182852 0.599091
2 0.063515 0.388941 0.0177236 0.0218712 0.562616
3 0.616287 0.332419 0.0127922 0.0154599 0.556781
1 0.515608 0.233878 0.00832378 0.216795 0.496363
4 0.405453 0.440127 0.0226752 0.0208177 0.435496
2 0.993642 0.494358 0.0127155 0.0379416 0.371611
