0 0.577749 0.735251 0.0341599 0.064431 0.924263
4 0.617878 0.832526 0.0478255 0.0548293 0.902453
4 0.44953 0.536304 0.0379512 0.0279907 0.841631
2 0.730433 0.510144 0.0185991 0.0257812 0.818763
2 0.13076 0.643449 0.01965 0.024785 0.797346
3 0.13619 0.508989 0.0177594 0.0212342 0.792408
3 0.250581 0.488825 0.0180807 0.0217845 0.774673
2 0.0762876 0.517492 0.0206452 0.0208578 0.698868
3 0.62684 0.423767 0.014482 0.0188846 0.698659
1 0.261749 0.369498 0.0176125 0.23118 0.68317
2 0.262202 0.53964 0.0161784 0.0194675 0.608592
3 0.542414 0.438652 0.0155398 0.0202033 0.575824
1 0.526933 0.330645 0.0100502 0.214515 0.553323
2 0.580733 0.479191 0.0181402 0.021139 0.490371
2 0.6654 0.416501 0.0139202 0.0190181 0.366561
