2 0.581868 0.489175 0.0225132 0.0249486 0.839388
3 0.653122 0.81956 0.0280567 0.0532813 0.817162
4 0.272986 0.430592 0.0399131 0.0259399 0.786216
1 0.202605 0.234867 0.0171362 0.224706 0.766728
3 0.603804 0.383183 0.0230223 0.0236093 0.732899
3 0.19553 0.355478 0.0156152 0.0211342 0.685797
3 0.494371 0.377187 0.0162413 0.0183907 0.684875
2 0.471853 0.419231 0.0182673 0.0174215 0.658895
4 0.0116336 0.708629 0.0230059 0.0564956 0.655762
1 0.477091 0.254142 0.0114893 0.248234 0.617957
2 0.141041 0.392051 0.0185667 0.0204519 0.612052
2 0.659467 0.387145 0.0160639 0.020777 0.60099
3 0.0999245 0.349698 0.0179112 0.022462 0.275018
