0 0.565308 0.646244 0.0339649 0.0634233 0.910775
4 0.604658 0.735593 0.0457359 0.0490934 0.889539
2 0.572842 0.424954 0.016108 0.0211087 0.762238
2 0.120435 0.570067 0.019473 0.0252108 0.746018
1 0.253506 0.30806 0.0173376 0.23746 0.742158
3 0.127716 0.450908 0.0185802 0.0198183 0.733083
4 0.441208 0.477199 0.038982 0.024624 0.718082
3 0.616937 0.375342 0.0140827 0.0164558 0.653201
2 0.0681702 0.460436 0.0193079 0.0212802 0.63402
1 0.519878 0.281792 0.00864411 0.210296 0.600272
4 0.412585 0.578887 0.0236902 0.030737 0.572866
3 0.534938 0.388414 0.0133682 0.0191667 0.551042
3 0.242244 0.432879 0.0182373 0.0208771 0.499682
2 0.729946 0.456244 0.0161795 0.03171 0.327322
2 0.253409 0.480732 0.0175251 0.0213623 0.274198
3 0.241943 0.436226 0.0203727 0.0226013 0.2644
