0 0.559105 0.583099 0.0345458 0.0657833 0.915033
4 0.598113 0.667202 0.0419975 0.046351 0.863109
1 0.248836 0.274037 0.0182442 0.233944 0.751351
2 0.11519 0.517773 0.0180163 0.0234883 0.719338
2 0.657282 0.336407 0.01271 0.0164104 0.713041
2 0.568299 0.387953 0.0152016 0.0208322 0.672415
4 0.435915 0.433884 0.0365101 0.0250774 0.669052
3 0.53148 0.353962 0.0153984 0.0200413 0.664845
2 0.0629105 0.419563 0.0166808 0.0194905 0.661907
3 0.241112 0.393822 0.0168136 0.017899 0.640146
1 0.516419 0.244689 0.00875749 0.215926 0.573705
2 0.717554 0.405311 0.0178656 0.0217976 0.557458
3 0.616633 0.342199 0.0140862 0.0165645 0.550878
3 0.124243 0.410804 0.0197387 0.0216719 0.516242
4 0.406856 0.527277 0.0211737 0.0263139 0.479231
2 0.72197 0.383271 0.0181034 0.0349015 0.431952
3 0.238801 0.394705 0.0167501 0.0197641 0.35504
3 0.994512 0.555632 0.0109764 0.0409901 0.30268
2 0.249344 0.437084 0.0163485 0.0210547 0.25416
