0 0.493493 0.481884 0.0245404 0.0429368 0.917022
2 0.481356 0.956215 0.0418777 0.0646313 0.870892
4 0.514753 0.526323 0.0218557 0.0205758 0.809158
1 0.66342 0.717666 0.0361346 0.564669 0.777716
4 0.418692 0.420532 0.019119 0.0137637 0.696549
1 0.276871 0.306512 0.0118887 0.185504 0.670749
3 0.106236 0.584766 0.019912 0.0214699 0.652039
1 0.834685 0.844782 0.0596481 0.310437 0.522304
1 0.486059 0.297727 0.00616663 0.172357 0.505033
2 0.52334 0.397483 0.0121715 0.0143006 0.484946
3 0.26856 0.404125 0.0123071 0.0149234 0.475096
3 0.181196 0.407877 0.0125834 0.0150377 0.459178
2 0.182397 0.460854 0.0143794 0.0185109 0.43639
2 0.187206 0.832466 0.0238468 0.0390957 0.421249
3 0.187294 0.837463 0.0243751 0.0458018 0.415688
1 0.276615 0.301234 0.00786987 0.187386 0.385834
