0 0.737513 0.863349 0.0758944 0.130219 0.944372
4 0.461044 0.496647 0.0577335 0.0394714 0.865069
3 0.168329 0.42723 0.0207608 0.0248482 0.832542
1 0.183418 0.249741 0.0287207 0.350008 0.800317
2 0.884361 0.457925 0.0217918 0.0281098 0.764942
2 0.649527 0.417374 0.0208307 0.0239313 0.691488
1 0.56986 0.213919 0.0126622 0.313852 0.635571
2 0.1727 0.49848 0.0207665 0.026308 0.555245
3 0.589439 0.366775 0.0178746 0.0245005 0.507154
3 0.702131 0.350107 0.0185676 0.0192861 0.466172
2 0.752477 0.342325 0.0172813 0.0205213 0.459471
