0 0.498213 0.463123 0.0236287 0.0430097 0.938007
2 0.240707 0.680859 0.0352826 0.0436382 0.817229
2 0.561231 0.738181 0.0272748 0.0497309 0.805204
1 0.796691 0.464397 0.0341954 0.858555 0.635823
1 0.262218 0.342226 0.0088849 0.186505 0.6223
3 0.164396 0.436273 0.0161667 0.0155134 0.610032
1 0.800949 0.415824 0.0303131 0.750735 0.499184
1 0.46956 0.333059 0.00746172 0.17901 0.472017
2 0.173366 0.463299 0.0139713 0.0162486 0.455573
3 0.773727 0.900933 0.0294113 0.0368106 0.431012
3 0.615075 0.497743 0.018787 0.0234436 0.418793
2 0.116238 0.440084 0.0147462 0.0173052 0.353411
1 0.994168 0.789024 0.0116634 0.421952 0.344453
3 0.113831 0.539143 0.0191896 0.024107 0.322237
1 0.790495 0.674134 0.0415273 0.434694 0.314977
4 0.766662 0.625952 0.0232803 0.0284322 0.290161
1 0.989942 0.702089 0.0201154 0.595822 0.25134
