0 0.498133 0.462768 0.0231013 0.0428627 0.934493
2 0.240689 0.68071 0.03506 0.0436158 0.814299
2 0.561191 0.738239 0.0269764 0.0488547 0.808011
1 0.796714 0.465339 0.0342814 0.859631 0.648832
3 0.164367 0.436349 0.0164247 0.0156322 0.630209
1 0.262097 0.342236 0.0088872 0.186046 0.619046
1 0.801032 0.416207 0.0302019 0.749907 0.51888
1 0.469562 0.334252 0.00750207 0.176677 0.485584
3 0.614711 0.497504 0.0198515 0.0238381 0.466924
3 0.774152 0.901183 0.0297414 0.0368044 0.452658
2 0.173349 0.463252 0.014046 0.0162516 0.439323
1 0.994245 0.791685 0.0115107 0.416631 0.34195
4 0.526418 0.492672 0.0229753 0.0206285 0.336363
1 0.790479 0.675035 0.0411991 0.433525 0.317976
3 0.113847 0.539218 0.0192831 0.024261 0.313439
2 0.116229 0.439853 0.0152741 0.0175621 0.310751
4 0.766675 0.625879 0.0232916 0.0283465 0.274202
