0 0.498217 0.463098 0.0236049 0.0429723 0.936499
2 0.240722 0.680855 0.0352746 0.0435831 0.817342
2 0.561236 0.738169 0.0273357 0.049882 0.80547
1 0.796691 0.464649 0.0341835 0.857429 0.636338
1 0.262229 0.342219 0.00886326 0.186508 0.622195
3 0.164398 0.436272 0.0161551 0.0154803 0.607834
1 0.800886 0.416073 0.0303364 0.749864 0.491365
1 0.46954 0.332841 0.00745859 0.179411 0.471474
2 0.173367 0.463301 0.01397 0.0162441 0.454863
3 0.773731 0.900932 0.0294126 0.0368182 0.431631
3 0.615035 0.497711 0.0187687 0.0234333 0.415312
2 0.116236 0.440085 0.0147267 0.0173003 0.352651
1 0.99417 0.788796 0.0116608 0.422408 0.344454
3 0.113829 0.539136 0.0191967 0.0241125 0.322795
1 0.790493 0.673992 0.0415159 0.435019 0.316633
4 0.76666 0.625953 0.023287 0.0284447 0.292107
1 0.989944 0.702256 0.0201128 0.595488 0.252566
