0 0.394068 0.488952 0.0513707 0.0905887 0.944047
4 0.525684 0.290079 0.0373562 0.0188358 0.734392
1 0.69594 0.127292 0.0167071 0.243579 0.691804
4 0.430542 0.469188 0.0262571 0.0388545 0.633133
1 0.41274 0.119517 0.0120739 0.239026 0.620421
2 0.367718 0.266143 0.0152511 0.0165127 0.618052
2 0.87197 0.329188 0.0178547 0.0211507 0.617468
3 0.711423 0.251747 0.0148032 0.0167853 0.613621
2 0.883389 0.262432 0.0153294 0.0193538 0.566663
3 0.396647 0.244022 0.015026 0.0172941 0.423555
3 0.712108 0.257277 0.0154144 0.0191756 0.293046
2 0.714834 0.283146 0.0159678 0.0196451 0.282876
3 0.298828 0.239807 0.0162551 0.019642 0.256178
