0 0.498151 0.462804 0.0231874 0.0429494 0.934532
2 0.240689 0.680707 0.0350622 0.0435935 0.81396
2 0.561182 0.738234 0.0270079 0.0490783 0.80869
1 0.796803 0.465056 0.0341724 0.858716 0.645952
3 0.164367 0.436352 0.0164298 0.0156625 0.631401
1 0.262099 0.34222 0.00892244 0.186098 0.619558
1 0.801095 0.416569 0.0301775 0.750447 0.52416
1 0.469561 0.334329 0.00750713 0.176533 0.484426
3 0.614688 0.497525 0.0197417 0.0238665 0.469726
3 0.774178 0.901194 0.0297852 0.0368886 0.445428
2 0.173347 0.46325 0.0140461 0.0162627 0.44098
1 0.994239 0.791397 0.0115217 0.417205 0.342647
4 0.52657 0.492149 0.0230585 0.021177 0.322352
1 0.790488 0.674615 0.0412244 0.434374 0.32125
3 0.113844 0.539221 0.0192913 0.0242918 0.313594
2 0.116232 0.439861 0.0152539 0.0175532 0.311357
4 0.766685 0.625874 0.0232318 0.0284392 0.289291
