0 0.53586 0.48829 0.0357865 0.06629 0.901667
3 0.118138 0.438284 0.0253104 0.0335525 0.79708
3 0.832899 0.295871 0.0138464 0.0157743 0.763916
2 0.871537 0.359514 0.0148685 0.0199655 0.704323
1 0.722903 0.184538 0.0162036 0.212545 0.646534
3 0.735831 0.289853 0.0127646 0.0153886 0.627363
1 0.480523 0.175067 0.00788956 0.199901 0.623459
2 0.879543 0.29741 0.012994 0.0169018 0.538776
3 0.430733 0.469126 0.0195358 0.0278659 0.435167
2 0.32299 0.3275 0.0154708 0.0196098 0.315777
2 0.740358 0.318031 0.0128945 0.0149161 0.310819
