0 0.498135 0.462768 0.0230991 0.0428624 0.934613
2 0.240686 0.680707 0.0350572 0.0436207 0.813978
2 0.561186 0.738241 0.0269785 0.0489425 0.808468
1 0.796782 0.46494 0.0341115 0.858721 0.644763
3 0.164366 0.436352 0.0164277 0.0156391 0.630644
1 0.262098 0.34225 0.00889072 0.186023 0.619445
1 0.801045 0.416843 0.0302142 0.751071 0.517594
1 0.469579 0.334445 0.00748958 0.176292 0.484773
3 0.614711 0.4975 0.0198374 0.0238292 0.46747
3 0.774151 0.901179 0.0297038 0.0368165 0.447763
2 0.173348 0.463253 0.014043 0.0162513 0.439566
1 0.994241 0.79158 0.0115175 0.416841 0.34241
4 0.526415 0.492674 0.0229759 0.0206174 0.337564
1 0.790466 0.674455 0.0411827 0.434682 0.324582
3 0.113847 0.539216 0.019284 0.0242615 0.314762
2 0.116232 0.439865 0.0152487 0.0175417 0.311344
4 0.766694 0.625872 0.0232279 0.0284055 0.28697
