0 0.553444 0.490691 0.0353229 0.0634721 0.936913
4 0.591087 0.55544 0.0352947 0.0362546 0.832937
2 0.569488 0.380599 0.0149719 0.0182939 0.795228
2 0.066057 0.398736 0.015862 0.0195845 0.711223
1 0.252191 0.267517 0.0149805 0.232574 0.693757
2 0.11425 0.459248 0.0185374 0.0230029 0.669938
3 0.240498 0.383324 0.0142765 0.0165423 0.6382
3 0.534665 0.360998 0.0135946 0.0163715 0.597761
3 0.126449 0.395296 0.0198179 0.0199299 0.583133
4 0.436659 0.407574 0.0339129 0.0159899 0.563338
1 0.517048 0.251556 0.00761157 0.211152 0.52664
3 0.617742 0.353961 0.011574 0.0145693 0.52436
2 0.659559 0.350221 0.0129519 0.0139589 0.465621
3 0.24015 0.384984 0.0181315 0.0206423 0.401772
