0 0.493344 0.486234 0.0251669 0.0460559 0.92132
4 0.514476 0.532927 0.0210951 0.0231867 0.89023
3 0.106893 0.600034 0.0189526 0.0212384 0.809637
1 0.663628 0.764404 0.0364763 0.470496 0.797587
3 0.180326 0.404155 0.0127571 0.0154778 0.774126
2 0.635233 0.407837 0.0165819 0.0201445 0.752662
2 0.18856 0.865123 0.0254286 0.0348715 0.698085
1 0.27684 0.300203 0.0119425 0.181063 0.664327
2 0.182706 0.461406 0.0140658 0.0183345 0.589728
4 0.417477 0.419651 0.0271088 0.0137496 0.587391
2 0.477568 0.985993 0.029703 0.0280149 0.509306
1 0.485886 0.288255 0.00711745 0.174637 0.505657
4 0.363641 0.447856 0.0217168 0.0183545 0.457106
1 0.276325 0.293255 0.00780841 0.181418 0.435368
3 0.268338 0.394638 0.0149069 0.0166818 0.407735
2 0.276585 0.418672 0.0147851 0.0144927 0.349527
2 0.134915 0.407895 0.0145821 0.0153055 0.277046
