0 0.553448 0.490699 0.0353407 0.0635042 0.936336
4 0.591081 0.555443 0.0352672 0.0363479 0.832564
2 0.56951 0.380592 0.0150142 0.0183956 0.790155
2 0.0660816 0.398732 0.0158906 0.0196031 0.71193
1 0.252188 0.267543 0.015001 0.232509 0.69416
2 0.114247 0.459235 0.0185505 0.0230353 0.670187
3 0.240496 0.383322 0.0142705 0.0165435 0.63889
3 0.534849 0.360916 0.0136177 0.0165121 0.599318
3 0.126565 0.395232 0.0196526 0.0198137 0.559513
4 0.436526 0.407611 0.0339151 0.0159353 0.552955
1 0.517045 0.251502 0.00764142 0.211123 0.528397
3 0.617733 0.353954 0.0115208 0.0145582 0.51963
2 0.659611 0.350273 0.0128311 0.0140028 0.464519
3 0.24016 0.384991 0.018119 0.0206288 0.400894
