0 0.557742 0.490288 0.0375902 0.0653974 0.935164
4 0.597676 0.557022 0.0363531 0.0367708 0.833388
2 0.572864 0.379276 0.0148186 0.0198704 0.80845
2 0.0606344 0.396857 0.0166839 0.0209615 0.688696
2 0.108111 0.459401 0.0185596 0.0236132 0.684698
1 0.250428 0.263819 0.014669 0.239415 0.66734
3 0.23891 0.381692 0.0141859 0.0165096 0.623882
4 0.439389 0.406914 0.0341847 0.0157808 0.596394
3 0.122471 0.393641 0.0198972 0.0218105 0.566803
1 0.519632 0.249091 0.00809249 0.212529 0.557881
3 0.620143 0.352608 0.0134708 0.0153637 0.466834
3 0.535662 0.359067 0.0129835 0.0170324 0.459649
2 0.662123 0.347605 0.0116626 0.0148657 0.328527
3 0.239705 0.38491 0.0164733 0.0212212 0.325658
3 0.237565 0.383218 0.0150765 0.0204209 0.307022
3 0.617597 0.351769 0.0142812 0.017763 0.28067
2 0.246359 0.405806 0.0151542 0.0162331 0.252361
