0 0.559747 0.595828 0.0343275 0.064139 0.912087
4 0.598305 0.679709 0.0429264 0.0472281 0.852863
4 0.436471 0.442895 0.0386873 0.0254387 0.827868
2 0.116407 0.530056 0.0184654 0.0238515 0.796968
3 0.531282 0.360606 0.0148908 0.0192098 0.764381
3 0.238602 0.402097 0.0171187 0.0208333 0.754284
2 0.0636937 0.425343 0.0171155 0.0201854 0.728386
1 0.250178 0.283649 0.0189571 0.229095 0.714209
2 0.249425 0.445278 0.0152749 0.0193346 0.69865
3 0.124573 0.419627 0.0181551 0.0213192 0.694578
2 0.56892 0.394824 0.0163145 0.0207993 0.68135
4 0.407161 0.535672 0.0211222 0.0302843 0.640781
1 0.516524 0.250835 0.00873128 0.213464 0.574794
2 0.716728 0.41549 0.0180478 0.0234858 0.511133
2 0.655157 0.341249 0.0129082 0.015868 0.502624
3 0.614765 0.348541 0.0144445 0.0182059 0.495849
2 0.719815 0.409429 0.0171563 0.02433 0.273154
