0 0.498035 0.462669 0.0228411 0.0431992 0.934599
2 0.240658 0.680826 0.0353993 0.0437569 0.812331
2 0.561234 0.73846 0.0268264 0.0484888 0.810638
1 0.796662 0.463704 0.0346148 0.853136 0.666591
1 0.262104 0.342286 0.00872828 0.186171 0.61792
3 0.164463 0.436207 0.0161901 0.0153396 0.563058
1 0.800494 0.414717 0.0310803 0.74574 0.517831
1 0.469497 0.334037 0.0074066 0.177367 0.473497
3 0.774271 0.901138 0.029952 0.0369424 0.454395
3 0.614505 0.497383 0.0194204 0.0239888 0.451397
2 0.173568 0.4634 0.0142439 0.0162165 0.421057
4 0.767155 0.625886 0.0228723 0.0286204 0.372879
1 0.994072 0.793892 0.0118553 0.412215 0.347374
3 0.113727 0.539137 0.0192918 0.0240805 0.326913
1 0.79022 0.670065 0.0389432 0.436364 0.32325
2 0.116372 0.439799 0.0153295 0.01762 0.293678
2 0.614695 0.50081 0.0190029 0.0256296 0.263625
