0 0.577749 0.73527 0.0341548 0.0644818 0.924685
4 0.617874 0.832525 0.0478178 0.0548645 0.902884
4 0.449531 0.536309 0.0379667 0.0279873 0.841417
2 0.730315 0.510321 0.0188244 0.0258059 0.815459
2 0.130759 0.643456 0.0196471 0.024781 0.797737
3 0.136188 0.508996 0.0177587 0.0212621 0.793081
3 0.250579 0.488832 0.0180867 0.0218058 0.774449
2 0.0762907 0.517491 0.0206428 0.0208636 0.699215
3 0.626825 0.423746 0.0144922 0.0188601 0.697908
1 0.26175 0.369513 0.0176185 0.231161 0.683352
2 0.262201 0.539644 0.0161861 0.0195005 0.60929
3 0.542417 0.438644 0.0155477 0.0201958 0.575578
1 0.526932 0.330684 0.01005 0.214413 0.55352
2 0.580728 0.479194 0.0181511 0.0211082 0.492266
2 0.665389 0.416468 0.0139767 0.0191164 0.36985
