0 0.53651 0.488363 0.0355812 0.066274 0.89257
3 0.118676 0.438651 0.0249175 0.0342903 0.778251
3 0.832733 0.295535 0.0139199 0.0157137 0.769115
2 0.871711 0.35932 0.0146027 0.0199679 0.70005
1 0.723255 0.184875 0.0154661 0.213819 0.620997
3 0.735886 0.289563 0.0125999 0.0154337 0.600011
1 0.480869 0.174732 0.00695707 0.201128 0.591806
3 0.665864 0.485117 0.0222496 0.0328612 0.534175
2 0.880437 0.297336 0.0128925 0.016867 0.522039
3 0.431282 0.468835 0.019813 0.0281433 0.472675
2 0.323409 0.327503 0.0153535 0.0200213 0.326078
2 0.74106 0.318495 0.0126993 0.0148391 0.322635
1 0.723993 0.185891 0.0100914 0.220168 0.313623
