0 0.498495 0.462924 0.0235741 0.0431404 0.936207
2 0.244663 0.680132 0.0338068 0.0415202 0.809685
1 0.801092 0.461426 0.0398758 0.858021 0.775927
2 0.56656 0.737222 0.0265583 0.0495818 0.754956
3 0.16409 0.436582 0.0162074 0.0155725 0.651891
1 0.807931 0.459347 0.033625 0.834503 0.647393
1 0.260766 0.341245 0.00954662 0.187301 0.594862
4 0.771785 0.624022 0.025482 0.0313085 0.583357
2 0.17301 0.464964 0.0133698 0.015564 0.523358
1 0.468866 0.333911 0.0067816 0.176792 0.495132
3 0.615035 0.49781 0.0193824 0.0235653 0.403231
2 0.115442 0.437048 0.0162154 0.0185098 0.357703
3 0.1144 0.53909 0.0197815 0.024043 0.258969
2 0.615081 0.500954 0.0193443 0.0251904 0.257919
