0 0.498136 0.462794 0.0231148 0.0428093 0.933476
2 0.240696 0.680706 0.0350919 0.043577 0.813899
2 0.561181 0.738178 0.0271397 0.0492971 0.807399
1 0.796719 0.465393 0.0343309 0.859304 0.651137
3 0.164365 0.436356 0.0164347 0.0156561 0.630133
1 0.262105 0.342229 0.00889354 0.186073 0.619078
1 0.80103 0.415989 0.0301899 0.749079 0.515282
1 0.469558 0.334266 0.00749886 0.176797 0.484535
3 0.614707 0.497515 0.0198297 0.0238388 0.468709
3 0.774172 0.901192 0.0297156 0.0368951 0.444424
2 0.17335 0.463252 0.0140565 0.01626 0.44075
1 0.994243 0.791207 0.0115131 0.417585 0.343005
1 0.790482 0.675037 0.0411949 0.4336 0.319096
3 0.113825 0.539161 0.019288 0.0242834 0.313629
2 0.116233 0.439863 0.01527 0.0175561 0.311867
4 0.766677 0.625877 0.0232861 0.0284108 0.278543
