0 0.536542 0.488128 0.035656 0.066109 0.885837
3 0.118727 0.438627 0.0249253 0.0341382 0.784281
3 0.832836 0.295597 0.0138874 0.015759 0.769157
2 0.871568 0.359224 0.0146172 0.0199637 0.708101
1 0.723327 0.185041 0.015575 0.213882 0.610762
3 0.735807 0.289628 0.0125299 0.0153486 0.602776
1 0.480777 0.174876 0.00705262 0.200816 0.58605
2 0.880216 0.297336 0.0129282 0.0168593 0.545902
3 0.665861 0.485321 0.0224515 0.0331223 0.513353
3 0.431225 0.469066 0.019677 0.0280569 0.48923
2 0.741002 0.318426 0.0126291 0.0148804 0.330787
2 0.323291 0.327652 0.0153541 0.0198163 0.328183
1 0.724031 0.185939 0.0101235 0.220058 0.312925
