4 0.318091 0.955189 0.0918827 0.0896218 0.94788
0 0.483082 0.498691 0.0367188 0.0672056 0.903239
4 0.554881 0.33195 0.0305803 0.0168927 0.754162
3 0.70842 0.294075 0.0119194 0.0135178 0.727177
3 0.0770412 0.44525 0.024352 0.0360114 0.714993
1 0.696099 0.187436 0.0122937 0.208715 0.67526
1 0.454096 0.184264 0.00826168 0.205214 0.585951
2 0.291112 0.333304 0.0138578 0.0173941 0.497743
2 0.835539 0.366494 0.0164143 0.0207318 0.449008
2 0.420769 0.309051 0.0122647 0.0145586 0.360589
4 0.365921 0.861 0.183856 0.257619 0.289205
1 0.692733 0.193175 0.0108254 0.207362 0.259542
