4 0.408085 0.945066 0.0703951 0.105604 0.879675
0 0.538871 0.487643 0.0354746 0.0675166 0.832147
3 0.840847 0.293718 0.0139725 0.0155307 0.744199
2 0.877764 0.35897 0.0163054 0.0191282 0.711646
1 0.730864 0.181287 0.0184528 0.214889 0.679676
3 0.125771 0.43404 0.0259958 0.0356748 0.671041
3 0.670534 0.486034 0.0228653 0.035872 0.6143
2 0.456404 0.297072 0.0134699 0.0166841 0.593322
1 0.487932 0.174176 0.00781795 0.206238 0.585209
3 0.74355 0.289709 0.0133676 0.0148286 0.495528
3 0.889151 0.294811 0.0138516 0.0159872 0.481991
4 0.593366 0.320393 0.0313529 0.0162372 0.451855
2 0.329796 0.322001 0.0152014 0.0199073 0.41705
2 0.7489 0.315551 0.0137401 0.0156209 0.411778
1 0.489538 0.170601 0.00934563 0.20599 0.253037
