0 0.556289 0.490291 0.0362408 0.0649608 0.944262
2 0.572576 0.37922 0.0148327 0.0196076 0.813152
4 0.596817 0.557089 0.0362833 0.0355 0.802912
4 0.389241 0.492386 0.022822 0.0269727 0.735867
2 0.0607319 0.398298 0.0165649 0.0204481 0.684496
2 0.10874 0.45928 0.0180729 0.0233021 0.682604
1 0.250396 0.264613 0.0149896 0.237231 0.658714
3 0.239063 0.382281 0.0140596 0.0165185 0.644222
3 0.621911 0.352953 0.0131636 0.0152976 0.550313
1 0.519082 0.249848 0.00788619 0.212165 0.538918
3 0.124189 0.393929 0.0202823 0.021543 0.526943
3 0.535517 0.359508 0.0129984 0.0171243 0.526585
4 0.438356 0.407586 0.0330949 0.0165258 0.499938
2 0.661664 0.348404 0.0112799 0.0133948 0.445364
3 0.239611 0.384348 0.0164195 0.0210566 0.379124
