0 0.55597 0.525364 0.0343968 0.0626032 0.927784
4 0.594586 0.603912 0.0403087 0.0430116 0.898778
4 0.432941 0.39405 0.0401951 0.0201 0.730528
2 0.0616366 0.380482 0.0169561 0.0214181 0.718089
3 0.530681 0.320548 0.015162 0.0191736 0.696874
1 0.247449 0.234713 0.0174781 0.235121 0.678282
2 0.112165 0.468807 0.0172947 0.0239038 0.672426
2 0.566805 0.351871 0.0180567 0.0197481 0.670995
2 0.710777 0.373439 0.0184885 0.0300476 0.658628
3 0.236536 0.35846 0.0172873 0.022835 0.656072
3 0.123099 0.373184 0.0191957 0.0218022 0.637458
3 0.615712 0.310888 0.0147125 0.0168208 0.627766
1 0.514241 0.213373 0.0086664 0.219147 0.567478
2 0.248079 0.39546 0.0165652 0.0190456 0.53716
3 0.612528 0.31061 0.0165194 0.0177328 0.412941
