0 0.498231 0.463099 0.0236412 0.0429119 0.937473
2 0.240722 0.680858 0.035324 0.0436409 0.817656
2 0.561196 0.738191 0.0272 0.0495573 0.805367
1 0.796685 0.463892 0.0342495 0.860187 0.6384
1 0.262212 0.342271 0.00887936 0.186406 0.622191
3 0.164396 0.436277 0.0161675 0.0155063 0.609814
1 0.800942 0.416129 0.0304294 0.751244 0.511711
1 0.469574 0.332862 0.00745334 0.179676 0.4733
2 0.173365 0.463298 0.0139687 0.0162521 0.455859
3 0.615157 0.497564 0.0187369 0.0231925 0.448917
3 0.773742 0.900937 0.0293867 0.0368263 0.427836
2 0.116235 0.440085 0.0147316 0.0173018 0.352453
1 0.994165 0.788749 0.0116693 0.422501 0.3437
3 0.113828 0.539141 0.0191907 0.0241253 0.320497
1 0.790489 0.673726 0.0415455 0.435547 0.319311
4 0.766666 0.62595 0.0232924 0.0284585 0.291514
1 0.989939 0.70213 0.0201227 0.595739 0.251265
