4 0.607063 0.76072 0.0442039 0.0498997 0.903649
0 0.567632 0.669606 0.0327908 0.0652085 0.891705
4 0.443057 0.491369 0.035322 0.0261374 0.83521
3 0.128898 0.465812 0.0204848 0.021329 0.799933
3 0.243933 0.447571 0.0180583 0.02174 0.796575
1 0.254525 0.32489 0.0179157 0.232724 0.794296
2 0.255264 0.495313 0.017511 0.0195752 0.777727
2 0.068828 0.474912 0.0194801 0.0213038 0.732567
2 0.658977 0.380907 0.0138631 0.0181781 0.678603
3 0.536168 0.401077 0.0142626 0.0205308 0.677109
2 0.572344 0.439002 0.0171343 0.0205002 0.659125
1 0.521148 0.293022 0.00856494 0.220227 0.59476
3 0.61862 0.387679 0.0141846 0.0188032 0.578155
2 0.121956 0.589752 0.0195719 0.0263868 0.526887
2 0.724159 0.470109 0.0166437 0.0297327 0.505022
2 0.731023 0.47326 0.0215616 0.0369331 0.401514
4 0.41508 0.598672 0.0217145 0.0305644 0.39275
2 0.737493 0.47825 0.0174658 0.0464372 0.281394
