0 0.49799 0.462621 0.0227762 0.0431318 0.934931
2 0.56123 0.738468 0.0268828 0.048918 0.814832
2 0.240666 0.680823 0.0353313 0.0436814 0.811796
1 0.796723 0.463798 0.0344938 0.852915 0.658107
1 0.262102 0.342224 0.00872058 0.186274 0.617752
3 0.164442 0.436227 0.0162239 0.015363 0.561079
1 0.800566 0.41451 0.0309227 0.745178 0.526456
1 0.469476 0.334128 0.00741836 0.177444 0.474503
3 0.774269 0.901131 0.029866 0.0370101 0.446614
3 0.614506 0.497359 0.0191105 0.0235282 0.421163
2 0.173571 0.463395 0.0142613 0.0162073 0.417767
4 0.767185 0.625873 0.0228693 0.0287354 0.388829
3 0.113794 0.539197 0.019333 0.0240668 0.349878
1 0.994072 0.794086 0.0118555 0.411828 0.348298
1 0.790193 0.671827 0.03891 0.432997 0.327257
2 0.116215 0.439946 0.0152229 0.017519 0.31182
2 0.614723 0.500971 0.0188145 0.0252854 0.254888
