0 0.293922 0.680483 0.053948 0.0878514 0.923558
4 0.339905 0.637353 0.0404192 0.0505658 0.889182
3 0.66616 0.336366 0.0149949 0.0192198 0.706354
4 0.47483 0.387453 0.0439879 0.0226493 0.70465
2 0.323032 0.352847 0.0161815 0.0187671 0.686938
2 0.214232 0.310088 0.0144687 0.0159676 0.674687
1 0.651917 0.20932 0.0145692 0.250758 0.669574
3 0.260774 0.314521 0.01667 0.0188795 0.663733
2 0.838952 0.34917 0.0156786 0.0192219 0.657108
2 0.813136 0.442433 0.0199887 0.0234617 0.651143
3 0.357546 0.318739 0.0150812 0.0187922 0.634531
1 0.37051 0.200215 0.0111395 0.228333 0.626811
3 0.780182 0.346034 0.0203365 0.0212473 0.516921
2 0.665256 0.376764 0.0137776 0.0169589 0.516126
