0 0.733629 0.954412 0.0771811 0.0851478 0.907908
4 0.457293 0.556964 0.0534008 0.0431123 0.837231
2 0.646654 0.467718 0.020385 0.0253673 0.780942
2 0.879722 0.514712 0.0245865 0.0325876 0.763079
3 0.163563 0.482401 0.0215788 0.0257314 0.736911
1 0.1792 0.302026 0.0299947 0.346874 0.734662
2 0.167629 0.561439 0.0246322 0.0285241 0.724204
1 0.564718 0.261968 0.0159999 0.308866 0.693813
2 0.749223 0.383142 0.0164251 0.0216685 0.683122
3 0.585819 0.411384 0.0180833 0.0241685 0.619547
3 0.698398 0.392963 0.0182035 0.0219423 0.493615
