0 0.394026 0.489122 0.0511849 0.0903477 0.945334
4 0.525508 0.290516 0.0379724 0.0193063 0.761557
1 0.695757 0.127331 0.0163579 0.243764 0.69212
3 0.711307 0.251763 0.0148419 0.0171106 0.650256
4 0.430407 0.46953 0.0263161 0.0391145 0.641762
2 0.367814 0.266257 0.0151299 0.016549 0.618799
1 0.412761 0.119712 0.0118202 0.238447 0.605151
2 0.872139 0.329013 0.0175769 0.0208731 0.592225
2 0.88311 0.262409 0.0153814 0.0192513 0.554853
3 0.397273 0.243778 0.0149533 0.0175235 0.35583
3 0.711807 0.256563 0.0152171 0.0191117 0.292308
2 0.715177 0.28327 0.0156842 0.0193113 0.284522
3 0.298776 0.23957 0.016208 0.0199417 0.263541
