0 0.536509 0.488197 0.0356716 0.0663241 0.888136
3 0.118721 0.438481 0.0251261 0.0341787 0.785673
3 0.832814 0.295674 0.0139506 0.0158522 0.756361
2 0.871709 0.359329 0.0146187 0.0200503 0.706636
1 0.723349 0.184752 0.0155126 0.213807 0.61396
3 0.735816 0.289467 0.0125805 0.0153963 0.603939
1 0.480823 0.174609 0.00701293 0.201291 0.594369
3 0.665943 0.485176 0.0223598 0.0328981 0.547689
2 0.880428 0.29745 0.0130295 0.0169009 0.538091
3 0.431331 0.468995 0.019908 0.0282944 0.504063
2 0.32323 0.327635 0.015399 0.0197082 0.37533
1 0.724048 0.185753 0.01008 0.220044 0.319292
2 0.741093 0.318476 0.012638 0.0148496 0.30967
