0 0.778596 0.886289 0.0704669 0.12419 0.932028
4 0.404671 0.600206 0.0512431 0.0389533 0.821545
1 0.0834075 0.376599 0.0268049 0.362191 0.808459
2 0.782846 0.530131 0.0224144 0.0273195 0.797971
2 0.565144 0.510385 0.0202344 0.0229245 0.780283
3 0.492308 0.471358 0.0155517 0.0217462 0.773508
3 0.594149 0.448549 0.0172888 0.0190579 0.740074
2 0.0895827 0.635688 0.0248403 0.0258554 0.717448
3 0.066003 0.567874 0.0257348 0.0288179 0.691745
1 0.470882 0.327391 0.0105046 0.299389 0.60808
2 0.635702 0.436529 0.0140129 0.0159289 0.589794
1 0.473303 0.329374 0.010845 0.295612 0.256275
