0 0.728712 0.956144 0.0733088 0.0841202 0.917067
4 0.4568 0.557809 0.054944 0.0427467 0.827429
2 0.647402 0.468297 0.0204842 0.0251673 0.778656
2 0.880409 0.516476 0.0241508 0.0316043 0.737744
2 0.167844 0.56107 0.0247407 0.0279572 0.735708
1 0.179948 0.302801 0.0298397 0.347301 0.720486
3 0.164218 0.481648 0.020854 0.0254463 0.713649
1 0.565148 0.264128 0.0156116 0.305968 0.697736
2 0.749418 0.384282 0.0164858 0.0210239 0.677329
3 0.586065 0.411832 0.0180485 0.0240131 0.539163
3 0.698738 0.393422 0.018706 0.0216087 0.516092
