0 0.535835 0.488302 0.0357782 0.0662556 0.903275
3 0.118066 0.438338 0.0254483 0.0337229 0.796881
3 0.832875 0.295866 0.013831 0.0157559 0.764764
2 0.871533 0.359501 0.0148935 0.0199541 0.704128
1 0.722911 0.184514 0.0161896 0.212581 0.646548
3 0.735827 0.289845 0.0127639 0.0153847 0.628797
1 0.480512 0.175076 0.00787408 0.199904 0.622734
2 0.87954 0.297388 0.0129993 0.0168841 0.545041
3 0.430729 0.469081 0.0194929 0.0278849 0.43237
2 0.740375 0.318056 0.0128987 0.0149229 0.312484
2 0.323119 0.327365 0.0153806 0.0197849 0.257307
