0 0.502151 0.463027 0.0246712 0.0456997 0.904391
4 0.819473 0.628055 0.0529657 0.0383748 0.858144
2 0.634809 0.751302 0.0241888 0.0411251 0.802755
1 0.905034 0.490597 0.0426365 0.835544 0.784059
2 0.299146 0.69502 0.0312623 0.045431 0.780957
1 0.911566 0.480418 0.0385777 0.80221 0.632111
2 0.165907 0.468431 0.0140208 0.0152556 0.620983
4 0.533821 0.495356 0.0221046 0.0192711 0.539997
1 0.24659 0.335219 0.0099207 0.1917 0.496315
2 0.62201 0.50409 0.0163361 0.0217695 0.480151
3 0.579252 0.484635 0.0153639 0.0228595 0.465906
1 0.454072 0.332049 0.00714233 0.173696 0.461291
3 0.62157 0.498681 0.0170345 0.023791 0.333342
