0 0.493538 0.481755 0.0246878 0.0427666 0.923652
2 0.481161 0.955682 0.0419781 0.0636656 0.875145
4 0.514994 0.525978 0.0218752 0.0212805 0.796413
1 0.663362 0.717761 0.0361553 0.564478 0.77809
4 0.418797 0.420241 0.0214098 0.0141491 0.686558
1 0.276931 0.306626 0.0119554 0.185286 0.670101
3 0.105871 0.584756 0.0199706 0.021528 0.658049
1 0.834624 0.845535 0.0584569 0.308929 0.537266
4 0.363097 0.44769 0.0236495 0.0180437 0.510535
1 0.485683 0.296784 0.0065547 0.173139 0.502746
2 0.187177 0.832864 0.0240066 0.0406601 0.490815
3 0.268837 0.404546 0.0126644 0.0152534 0.46143
3 0.181531 0.408142 0.0128461 0.0154393 0.450273
2 0.523365 0.397349 0.0122919 0.0146829 0.443759
2 0.182288 0.460884 0.0144365 0.0185558 0.434035
3 0.187308 0.837438 0.0245552 0.0467426 0.391354
1 0.276616 0.301881 0.00803014 0.187254 0.37389
3 0.496797 0.381125 0.0107143 0.01185 0.258292
