0 0.553529 0.490752 0.0353521 0.0635902 0.936079
4 0.591161 0.555449 0.0351154 0.0362496 0.836265
2 0.569482 0.380838 0.0152704 0.0185421 0.791451
2 0.0661543 0.398767 0.0159447 0.0197369 0.714437
1 0.252178 0.267259 0.015051 0.232942 0.701051
2 0.114202 0.459324 0.0185031 0.0228924 0.673193
3 0.240586 0.383198 0.0140037 0.0164345 0.638729
3 0.534613 0.36086 0.0136293 0.0165477 0.624655
3 0.126488 0.395355 0.0197279 0.0198785 0.580403
3 0.617899 0.354097 0.0116053 0.0145366 0.540617
4 0.436626 0.407674 0.0341844 0.0161654 0.538607
1 0.516843 0.25161 0.00770301 0.211179 0.528252
2 0.659107 0.350184 0.012986 0.0139869 0.419527
3 0.24026 0.385002 0.0179392 0.0202797 0.384697
