0 0.553552 0.490676 0.035278 0.0636826 0.934898
4 0.591146 0.555438 0.0349777 0.0366451 0.842366
2 0.569104 0.38076 0.0154606 0.0183673 0.785526
2 0.0661486 0.398594 0.015936 0.0195084 0.701814
1 0.252147 0.267317 0.0150816 0.232616 0.697239
2 0.114054 0.459201 0.0184445 0.0230306 0.663959
3 0.240437 0.38335 0.0143686 0.01648 0.636793
3 0.534918 0.360985 0.013328 0.0162552 0.609921
3 0.126474 0.395495 0.0197401 0.0198095 0.592286
1 0.517093 0.252037 0.00749299 0.20808 0.528747
4 0.436416 0.407522 0.0345678 0.0159428 0.525182
3 0.617616 0.353829 0.0113689 0.0143196 0.453461
2 0.65925 0.350635 0.0130193 0.0138746 0.430561
3 0.240053 0.384959 0.0180735 0.0204015 0.404667
