0 0.577879 0.730888 0.0345177 0.0614793 0.936871
4 0.617831 0.825956 0.0477476 0.0549429 0.893095
4 0.449657 0.533204 0.0360632 0.0296947 0.855824
2 0.131565 0.639137 0.018892 0.0253165 0.837099
2 0.729699 0.506481 0.0189348 0.0255562 0.811595
2 0.261997 0.536888 0.0160165 0.0197511 0.747609
2 0.0767264 0.51365 0.0200667 0.0211177 0.723316
2 0.579749 0.475659 0.0169907 0.0214349 0.68972
1 0.261495 0.364359 0.0177723 0.235464 0.679847
3 0.626855 0.420573 0.0141012 0.0167769 0.648985
3 0.249999 0.485295 0.0183892 0.0228419 0.643595
3 0.13686 0.504944 0.0172201 0.0205387 0.564388
1 0.526983 0.329033 0.00987684 0.214173 0.52112
3 0.541896 0.434004 0.0150236 0.0220564 0.410879
3 0.543483 0.436461 0.0155251 0.0221089 0.271105
