0 0.536511 0.488364 0.035584 0.0662713 0.89227
3 0.118574 0.438719 0.0248992 0.0343536 0.778865
3 0.832742 0.29551 0.0138901 0.0157122 0.76607
2 0.871674 0.359319 0.0146492 0.0200072 0.698829
1 0.723255 0.184869 0.0154621 0.213817 0.620701
3 0.735886 0.289561 0.0125974 0.015438 0.599527
1 0.480865 0.174693 0.00693552 0.201181 0.589908
3 0.665868 0.485113 0.0222738 0.0329153 0.536025
2 0.880435 0.297339 0.0128993 0.016875 0.519669
3 0.431309 0.468846 0.0198879 0.0281399 0.513325
2 0.323409 0.327501 0.0153518 0.0200648 0.329719
2 0.74106 0.318497 0.0127009 0.0148513 0.322405
1 0.723994 0.1859 0.010088 0.220151 0.313574
