0 0.570747 0.701706 0.0349684 0.0647124 0.946408
4 0.610242 0.794981 0.0441906 0.0546484 0.852106
4 0.444311 0.514586 0.0356205 0.0280802 0.850683
3 0.131435 0.486722 0.0187897 0.0213628 0.817195
3 0.623501 0.404506 0.0142991 0.0180928 0.787422
2 0.257298 0.51799 0.0168388 0.0202378 0.78524
2 0.0715206 0.49667 0.0185101 0.0220173 0.76995
1 0.256471 0.345343 0.0180295 0.236011 0.724634
2 0.125278 0.618598 0.017839 0.0232561 0.694592
3 0.246298 0.467145 0.018783 0.0233333 0.68347
2 0.724507 0.488354 0.0165861 0.0237102 0.629995
2 0.661563 0.396984 0.0144691 0.018255 0.603581
1 0.522011 0.312856 0.00954381 0.210054 0.588399
3 0.538988 0.418158 0.016021 0.0206958 0.497426
4 0.417937 0.624855 0.0216099 0.0316226 0.463519
2 0.57488 0.46004 0.0168598 0.019939 0.343324
1 0.523523 0.307747 0.00894126 0.216231 0.27705
