0 0.498152 0.462865 0.0231688 0.0429028 0.933447
2 0.240684 0.680708 0.0350505 0.0435775 0.813892
2 0.561136 0.738234 0.0269625 0.0490874 0.808048
1 0.796781 0.46495 0.0341441 0.858463 0.643636
3 0.164366 0.436352 0.0164183 0.0156369 0.630009
1 0.262082 0.342298 0.00888794 0.185934 0.618275
1 0.80103 0.416764 0.0302343 0.750472 0.517974
1 0.469532 0.33429 0.00748417 0.176594 0.48177
3 0.614775 0.497578 0.0196016 0.0238893 0.471877
3 0.774125 0.901181 0.0295494 0.036812 0.441078
2 0.173347 0.463252 0.0140415 0.0162609 0.439716
1 0.994242 0.790801 0.011515 0.418397 0.342887
1 0.790497 0.674357 0.0411982 0.43491 0.322625
1 0.574267 0.329635 0.00859366 0.220414 0.318127
2 0.116228 0.439856 0.0152753 0.0175642 0.311801
3 0.11385 0.539309 0.0191731 0.0244317 0.295285
4 0.766687 0.62587 0.0232056 0.0284075 0.285629
