0 0.536626 0.488274 0.0357969 0.0659489 0.886085
3 0.11877 0.438694 0.025101 0.0341039 0.781851
3 0.832822 0.295707 0.0139566 0.0157879 0.763503
2 0.871692 0.359284 0.0145843 0.020052 0.697478
1 0.723252 0.185096 0.0154478 0.213688 0.613829
3 0.735835 0.289542 0.012575 0.0154725 0.610973
1 0.480735 0.174665 0.00696592 0.20153 0.593514
2 0.880588 0.297538 0.0129783 0.0169274 0.536141
3 0.665851 0.4852 0.0223524 0.0330362 0.530329
3 0.431296 0.468861 0.0196177 0.0278547 0.489328
2 0.323332 0.327443 0.015528 0.0202402 0.308449
1 0.723999 0.186302 0.0100992 0.219272 0.304425
2 0.740973 0.318415 0.0126037 0.0148144 0.302701
