0 0.737524 0.863567 0.0759629 0.130357 0.945142
4 0.460919 0.49641 0.0575779 0.0390442 0.865527
3 0.16841 0.427242 0.02064 0.0248106 0.826904
1 0.183435 0.249549 0.0286136 0.350332 0.799961
2 0.884429 0.457785 0.0216423 0.0282803 0.756439
2 0.64975 0.417387 0.0208076 0.0238715 0.673549
1 0.569813 0.214179 0.0126061 0.313695 0.632548
2 0.172502 0.498456 0.020701 0.0265297 0.562327
2 0.752863 0.342375 0.01737 0.0204728 0.500645
3 0.589452 0.366806 0.0179489 0.0243261 0.489088
3 0.702112 0.350203 0.0184913 0.0191356 0.472949
