0 0.293914 0.680479 0.053935 0.087818 0.923871
4 0.33994 0.637356 0.0404465 0.0504044 0.888581
3 0.666223 0.336361 0.0150284 0.0192246 0.708045
4 0.474829 0.387457 0.0439873 0.0226342 0.704358
2 0.323019 0.352828 0.0161573 0.0187342 0.686255
1 0.651916 0.209333 0.0145704 0.250747 0.669297
2 0.214292 0.309978 0.0143197 0.0157889 0.669199
3 0.260764 0.314516 0.0166 0.0187962 0.662069
2 0.838934 0.349175 0.0156914 0.0192379 0.657392
2 0.813135 0.442433 0.0199815 0.0234561 0.650185
3 0.357549 0.318742 0.0150684 0.0187196 0.633645
1 0.370512 0.200231 0.011157 0.228326 0.626463
3 0.780183 0.346035 0.0203486 0.0212589 0.516955
2 0.665228 0.376751 0.0137492 0.0169596 0.509984
