2 0.706544 0.798191 0.0166619 0.0204569 0.865814
4 0.527623 0.737322 0.0275654 0.0181133 0.777491
0 0.42087 0.914145 0.0233261 0.0438715 0.733257
3 0.2092 0.82916 0.0213577 0.0299079 0.691116
1 0.643778 0.627093 0.00909682 0.148389 0.671112
3 0.723046 0.717083 0.0167227 0.0174907 0.621827
2 0.759216 0.726127 0.0153203 0.0193544 0.508472
2 0.640888 0.739668 0.0136096 0.0161693 0.504636
2 0.444568 0.696262 0.013172 0.0192864 0.503061
3 0.409747 0.658181 0.0120506 0.014593 0.478974
1 0.475548 0.606899 0.00545062 0.138114 0.453362
4 0.441017 0.894078 0.0160531 0.0222201 0.408838
3 0.729013 0.982972 0.0201847 0.0322952 0.391265
3 0.50777 0.914386 0.0154299 0.0199679 0.355324
1 0.477295 0.601828 0.00912675 0.135582 0.307542
2 0.639717 0.737726 0.0134189 0.0164452 0.30633
