0 0.493507 0.481715 0.0245386 0.0426889 0.916029
2 0.481371 0.956005 0.0416412 0.0642283 0.871231
4 0.514638 0.525957 0.0220273 0.0210389 0.790877
1 0.663647 0.717192 0.0364216 0.565615 0.776889
4 0.41861 0.420062 0.0204281 0.0139678 0.695334
1 0.276831 0.306447 0.0118447 0.185684 0.668466
3 0.10606 0.585143 0.020118 0.0216403 0.652619
1 0.486042 0.297456 0.00625516 0.172145 0.524546
1 0.834758 0.845011 0.0593453 0.309978 0.503567
3 0.268481 0.40424 0.012342 0.0149067 0.474001
3 0.187348 0.837968 0.0244649 0.0463631 0.432098
3 0.18114 0.407913 0.0122696 0.0150852 0.430296
2 0.187272 0.83292 0.0239833 0.0397824 0.405846
2 0.182375 0.460853 0.014251 0.0185 0.404201
2 0.523484 0.397645 0.0124206 0.0142296 0.397155
1 0.276593 0.301172 0.00789937 0.187927 0.39134
