0 0.802651 0.752027 0.057972 0.0979757 0.95639
4 0.255609 0.640957 0.0522152 0.0487088 0.80198
3 0.221017 0.47496 0.0194738 0.0297896 0.782476
1 0.190941 0.321507 0.0226456 0.335986 0.720505
3 0.914468 0.499071 0.0232883 0.0239931 0.709015
4 0.945672 0.8352 0.0990112 0.0617009 0.704259
2 0.531691 0.468167 0.0180261 0.0213027 0.696636
2 0.333925 0.500159 0.0191084 0.0307863 0.668976
3 0.305626 0.429398 0.0166648 0.0213721 0.650656
4 0.938178 0.70689 0.0475556 0.0414148 0.420137
2 0.33798 0.407818 0.0165465 0.0193897 0.412506
1 0.194777 0.320008 0.0193185 0.333959 0.292333
