0 0.737466 0.8634 0.0760453 0.130162 0.946244
4 0.460919 0.496441 0.0578535 0.0393426 0.865808
3 0.168576 0.42721 0.0204403 0.0247562 0.83042
1 0.183515 0.249832 0.0284886 0.349953 0.789142
2 0.884396 0.457711 0.0218378 0.0282014 0.75075
2 0.649792 0.417453 0.0208226 0.0239174 0.676606
1 0.56979 0.214382 0.0127225 0.31366 0.639235
2 0.172639 0.498561 0.0206165 0.0264421 0.559831
2 0.753486 0.342625 0.0174988 0.0205341 0.55137
3 0.589594 0.366822 0.0181135 0.0244971 0.504535
3 0.702057 0.350235 0.018537 0.0191781 0.462041
