0 0.625772 0.518666 0.0372534 0.0720336 0.933265
4 0.240412 0.916514 0.0819753 0.098723 0.856662
4 0.666094 0.508584 0.03592 0.037942 0.793379
2 0.693192 0.311967 0.0162173 0.0213239 0.769929
2 0.55432 0.318363 0.0171926 0.023087 0.745792
3 0.645169 0.274244 0.0137773 0.0166779 0.726638
2 0.0175128 0.565621 0.0255977 0.0372137 0.713626
4 0.826053 0.359606 0.0365698 0.0198631 0.699238
3 0.317963 0.388821 0.0294708 0.0327205 0.635256
1 0.748092 0.186031 0.0146039 0.213686 0.628944
2 0.606788 0.26724 0.0137015 0.0157883 0.556343
