0 0.551561 0.489164 0.0366945 0.0652121 0.914244
4 0.395395 0.943441 0.0779764 0.0999745 0.898752
3 0.15664 0.42228 0.0295288 0.0369123 0.81824
1 0.770127 0.18299 0.0193163 0.216837 0.694796
3 0.781404 0.291805 0.0131779 0.0132576 0.676262
3 0.88447 0.301699 0.0165375 0.0184354 0.579117
1 0.525148 0.172431 0.00719412 0.211243 0.572539
3 0.427849 0.268761 0.0130631 0.0159176 0.530952
2 0.490105 0.296685 0.0133053 0.0170905 0.523715
2 0.936212 0.305756 0.015302 0.0181121 0.507016
2 0.361604 0.320664 0.0150223 0.0184392 0.358089
3 0.509451 0.273345 0.0128071 0.0150883 0.308499
2 0.916905 0.366638 0.0156402 0.0214649 0.308091
4 0.62757 0.32736 0.0304093 0.019364 0.251538
