4 0.23443 0.291979 0.0425769 0.0309927 0.88351
2 0.58091 0.376055 0.0230856 0.0268062 0.823119
3 0.6086 0.230344 0.0202619 0.0217111 0.817276
1 0.166057 0.0951219 0.0234576 0.189673 0.765655
3 0.646054 0.854185 0.0336432 0.0541953 0.711758
3 0.0544769 0.18036 0.0188417 0.0176982 0.682456
2 0.0921566 0.24028 0.0174685 0.0202629 0.592362
3 0.486069 0.218492 0.0163528 0.0186159 0.582126
1 0.468098 0.109252 0.0103875 0.218504 0.531607
2 0.459885 0.277322 0.018828 0.0196861 0.486682
2 0.672377 0.239185 0.0165775 0.0232565 0.443048
3 0.159428 0.190076 0.0181107 0.021043 0.37952
1 0.465922 0.106623 0.0128816 0.209464 0.325747
