0 0.498117 0.462737 0.0230628 0.0428154 0.932555
2 0.240692 0.68077 0.0351377 0.0436038 0.814536
2 0.56104 0.73831 0.0266161 0.0482394 0.806827
1 0.796728 0.464236 0.0345501 0.854733 0.654212
1 0.262176 0.342422 0.00880953 0.185797 0.616511
3 0.164261 0.43611 0.0163903 0.0155537 0.607723
1 0.80069 0.417135 0.0308378 0.751314 0.518246
3 0.774118 0.901072 0.0297288 0.0367241 0.491141
1 0.469493 0.333872 0.00734976 0.178151 0.466123
3 0.614718 0.497569 0.0197489 0.0237004 0.451574
2 0.173437 0.463321 0.0141322 0.0161353 0.44193
1 0.994137 0.787394 0.0117262 0.425211 0.344835
1 0.790545 0.674146 0.0411067 0.433811 0.308427
3 0.113966 0.539341 0.0193531 0.0243056 0.295905
4 0.766836 0.626109 0.0229148 0.028335 0.278389
2 0.1161 0.439918 0.0150397 0.0174474 0.261307
