0 0.533678 0.488537 0.0364513 0.0643235 0.889557
3 0.11682 0.437961 0.025411 0.032954 0.811145
2 0.870033 0.359606 0.0147761 0.019289 0.756098
3 0.831449 0.295298 0.0139135 0.0153005 0.755202
3 0.735361 0.290474 0.0130461 0.0154442 0.659304
1 0.722689 0.184139 0.0153668 0.212036 0.633513
1 0.479433 0.175623 0.00752303 0.202288 0.5799
2 0.87915 0.297121 0.0128255 0.0166132 0.517987
4 0.405716 0.943197 0.0963581 0.109018 0.420987
3 0.429787 0.468052 0.0204008 0.0276363 0.366308
2 0.739665 0.317406 0.0127466 0.0147351 0.350523
