3 0.649777 0.837048 0.0287438 0.0509867 0.830698
4 0.23407 0.401246 0.0437102 0.0238092 0.825343
2 0.572598 0.463215 0.022217 0.0241888 0.788575
2 0.659419 0.358708 0.0165556 0.0218356 0.780977
2 0.0959026 0.362384 0.0194856 0.022089 0.756574
3 0.597551 0.354203 0.0196062 0.0244258 0.734612
1 0.166098 0.197063 0.0208469 0.253052 0.724384
3 0.0560599 0.319284 0.0177995 0.0190818 0.591561
1 0.458944 0.207147 0.011739 0.27023 0.551389
2 0.451696 0.392893 0.0180014 0.0208974 0.338656
3 0.477272 0.348937 0.0175017 0.0215517 0.273306
