0 0.731416 0.955405 0.0739777 0.084874 0.912208
4 0.45817 0.557158 0.0539753 0.0438076 0.844549
2 0.648088 0.467857 0.0201307 0.0254732 0.784199
2 0.169426 0.561425 0.0238934 0.0273066 0.759692
2 0.881515 0.515482 0.0251271 0.0319321 0.751957
1 0.181074 0.300346 0.028174 0.346325 0.728945
1 0.566416 0.261675 0.0165051 0.308732 0.691083
3 0.166196 0.480669 0.0205175 0.0259998 0.657143
3 0.587271 0.411518 0.0177168 0.0242068 0.609516
2 0.751605 0.384225 0.0174677 0.0217625 0.585553
3 0.700047 0.392988 0.0198215 0.0224651 0.405669
