0 0.492552 0.469554 0.0232332 0.0414733 0.936666
4 0.51404 0.509405 0.0215382 0.0190382 0.825524
2 0.47529 0.850829 0.036154 0.0544787 0.812098
3 0.103463 0.557099 0.0203149 0.0216014 0.791289
1 0.654574 0.600033 0.0368497 0.78827 0.784562
1 0.822916 0.713602 0.0588484 0.572797 0.769701
2 0.178689 0.752927 0.0246804 0.0358689 0.743995
1 0.277945 0.319744 0.0112539 0.182895 0.617616
1 0.486692 0.316382 0.006909 0.175161 0.612085
3 0.420901 0.515449 0.0164263 0.0247697 0.48804
4 0.416418 0.427357 0.0215199 0.0132435 0.395123
3 0.135696 0.424359 0.0141548 0.0163388 0.363906
2 0.63594 0.420227 0.0134746 0.0187731 0.341033
