0 0.498239 0.462891 0.0235113 0.0430923 0.935659
2 0.240679 0.68083 0.0352062 0.0436156 0.814906
2 0.561178 0.738203 0.0271887 0.0495448 0.806225
1 0.796774 0.462188 0.0343648 0.862272 0.647843
1 0.262145 0.341998 0.00889583 0.186723 0.618956
3 0.16443 0.436302 0.0161648 0.0154462 0.608149
1 0.80106 0.41667 0.0305838 0.753358 0.527485
1 0.469672 0.33328 0.00742533 0.178783 0.47256
3 0.614994 0.497609 0.0187828 0.0233889 0.43798
3 0.773796 0.901009 0.0293452 0.0368949 0.437383
2 0.173387 0.463282 0.0140229 0.0161815 0.427827
1 0.994178 0.789066 0.0116432 0.421867 0.352926
1 0.790521 0.673795 0.0416715 0.434797 0.300595
3 0.11376 0.53889 0.0192004 0.0244132 0.295722
2 0.116176 0.440113 0.0147714 0.0171091 0.294233
4 0.766636 0.626031 0.0233793 0.028308 0.284784
