0 0.53651 0.48806 0.0357216 0.0667177 0.887142
3 0.118879 0.438335 0.0250861 0.0345587 0.779086
3 0.832773 0.295457 0.0140342 0.0157053 0.756932
2 0.871536 0.359388 0.0147616 0.0199545 0.717178
3 0.735715 0.289365 0.0126281 0.0154731 0.634978
1 0.72335 0.184989 0.0156498 0.213514 0.628868
1 0.480808 0.174555 0.00686571 0.201796 0.587267
2 0.880301 0.297464 0.0131264 0.0172987 0.56692
3 0.666031 0.485349 0.0227 0.0328705 0.541541
3 0.431358 0.469006 0.0193818 0.0279607 0.477092
2 0.323449 0.327662 0.015286 0.0199696 0.324489
1 0.724038 0.18628 0.0100974 0.218815 0.302453
2 0.740933 0.318281 0.0125365 0.0148414 0.284664
