0 0.57775 0.735266 0.0341522 0.064473 0.924816
4 0.617878 0.832526 0.047821 0.0548579 0.903
4 0.449531 0.536309 0.0379667 0.0279881 0.841847
2 0.730316 0.510322 0.0188229 0.0257932 0.815249
2 0.130759 0.643456 0.0196475 0.024783 0.797673
3 0.136188 0.508995 0.0177588 0.0212603 0.79314
3 0.25058 0.488832 0.0180881 0.0218082 0.77463
2 0.0762912 0.517492 0.0206403 0.0208609 0.6986
3 0.626825 0.423744 0.0144915 0.0188572 0.69789
1 0.26175 0.369512 0.0176159 0.231178 0.683356
2 0.262202 0.539644 0.0161874 0.0195007 0.609262
3 0.542417 0.438645 0.015546 0.0201949 0.575595
1 0.526932 0.330682 0.01005 0.214405 0.55346
2 0.580728 0.479192 0.0181503 0.0211049 0.491618
2 0.665389 0.416468 0.0139788 0.0191207 0.370546
