0 0.557718 0.490302 0.0374699 0.0653738 0.935156
4 0.597726 0.557106 0.0367964 0.036952 0.826432
2 0.57282 0.379277 0.0150145 0.0199479 0.802873
2 0.0605366 0.396987 0.0168221 0.0210571 0.690392
2 0.108082 0.459362 0.0184498 0.023668 0.683423
1 0.250432 0.263722 0.0147618 0.239643 0.667761
3 0.238851 0.381635 0.0143322 0.0167634 0.623141
4 0.43895 0.40677 0.0342737 0.0155475 0.586627
3 0.122546 0.393567 0.0200966 0.0219476 0.553629
1 0.519822 0.249116 0.00803697 0.212373 0.54985
3 0.620389 0.352745 0.0135706 0.0151613 0.4703
3 0.535652 0.358906 0.012991 0.0170673 0.463467
3 0.239581 0.384795 0.01651 0.0210986 0.334421
3 0.237522 0.383109 0.015082 0.020464 0.322386
3 0.617706 0.351942 0.0143317 0.0178632 0.252452
