0 0.0373392 0.761827 0.0589529 0.0893431 0.919216
4 0.345194 0.429168 0.0384472 0.0251506 0.87034
3 0.789341 0.807447 0.0297023 0.0423955 0.837479
4 0.114273 0.709374 0.0541727 0.052542 0.827059
3 0.664728 0.382066 0.0176899 0.0214125 0.755879
3 0.555854 0.375312 0.0178014 0.0189923 0.750334
2 0.664004 0.488312 0.0199114 0.0224553 0.744712
2 0.72251 0.385799 0.018401 0.0209889 0.69844
1 0.262686 0.236704 0.0150595 0.230893 0.652058
1 0.537324 0.250055 0.0123932 0.24188 0.619133
2 0.539092 0.41776 0.016323 0.0180471 0.591235
2 0.0212307 0.431581 0.0186695 0.0224165 0.550513
3 0.251105 0.35422 0.0156865 0.0184966 0.541357
3 0.154659 0.349018 0.0180493 0.0212062 0.435974
2 0.112866 0.342974 0.0127116 0.013873 0.431037
2 0.205226 0.38966 0.018121 0.0227597 0.290727
3 0.249981 0.35677 0.0164758 0.0215172 0.283134
