4 0.3122 0.955134 0.0850796 0.0869017 0.936544
0 0.48221 0.498666 0.0373547 0.0665361 0.915292
4 0.554443 0.332537 0.0280643 0.016288 0.782027
3 0.0763505 0.445277 0.0237918 0.0348586 0.721622
1 0.695234 0.187952 0.0125053 0.207154 0.675241
3 0.706602 0.293989 0.0117896 0.0131633 0.593723
1 0.693221 0.194154 0.0140469 0.210951 0.58534
1 0.453305 0.184649 0.00812026 0.205079 0.524313
2 0.419833 0.308708 0.0131073 0.0154379 0.497746
2 0.291496 0.334145 0.0155986 0.018538 0.492994
2 0.834323 0.366771 0.0170612 0.0207391 0.406068
2 0.852038 0.307253 0.014723 0.0175281 0.262747
3 0.385102 0.475869 0.0218755 0.0288498 0.250129
