0 0.522075 0.485383 0.0304417 0.0531174 0.912072
4 0.913238 0.908227 0.0846489 0.0898941 0.904823
4 0.550415 0.537586 0.0258875 0.0289036 0.848726
3 0.0317495 0.618737 0.0270374 0.0356296 0.847055
3 0.152419 0.402085 0.0171626 0.0192929 0.768085
2 0.147307 0.460869 0.014937 0.0207501 0.645842
1 0.263976 0.283923 0.0124345 0.215754 0.642294
3 0.909418 0.48095 0.0291557 0.0306955 0.577954
4 0.427483 0.417062 0.0305336 0.0162647 0.374566
2 0.0994156 0.405349 0.0170619 0.0187829 0.331927
1 0.502883 0.272236 0.00835649 0.196017 0.294759
