0 0.557728 0.490294 0.0374891 0.0653825 0.935092
4 0.597682 0.557076 0.0367724 0.0369076 0.830103
2 0.572823 0.37929 0.0150406 0.0199929 0.803152
2 0.0605371 0.396991 0.0168227 0.0210639 0.690901
2 0.10808 0.45936 0.018469 0.0236777 0.68373
1 0.250428 0.263707 0.0147662 0.239704 0.667528
3 0.238824 0.381625 0.0143452 0.0168008 0.622357
4 0.438652 0.406701 0.034737 0.0155458 0.597639
3 0.122549 0.393553 0.0200937 0.0219541 0.552382
1 0.5198 0.249149 0.008072 0.21218 0.551706
3 0.620397 0.352749 0.0135108 0.0151408 0.468348
3 0.535653 0.358916 0.0130057 0.0170982 0.465344
3 0.239518 0.384771 0.01651 0.0211872 0.333902
3 0.237502 0.383092 0.0150905 0.0205484 0.332306
