0 0.553842 0.490259 0.035362 0.0648174 0.933308
4 0.591659 0.554671 0.034605 0.0365674 0.839912
2 0.569381 0.380595 0.0156415 0.0187018 0.7951
4 0.389298 0.492406 0.0227528 0.0268758 0.747598
2 0.0656205 0.398175 0.0157805 0.0191551 0.694399
1 0.251687 0.267586 0.0148772 0.232218 0.692278
3 0.536259 0.360576 0.0141877 0.0176431 0.564739
3 0.125557 0.395456 0.0192379 0.0198074 0.552664
2 0.112367 0.459635 0.0177311 0.0223477 0.548431
1 0.517003 0.25218 0.00778171 0.208798 0.547705
3 0.240629 0.382902 0.0142046 0.0166059 0.542653
3 0.619081 0.354247 0.0117079 0.0143337 0.524329
3 0.24021 0.384733 0.0177144 0.0201529 0.365593
2 0.659362 0.349099 0.0127282 0.014462 0.337866
4 0.436254 0.408377 0.0351025 0.0164548 0.284487
