0 0.498248 0.462906 0.0235188 0.0430392 0.934322
2 0.240687 0.680831 0.03525 0.0435838 0.815025
2 0.561185 0.738162 0.0273298 0.0497619 0.80483
1 0.796758 0.462436 0.0343773 0.860962 0.654031
1 0.26215 0.342008 0.00889507 0.186723 0.618535
3 0.164431 0.43632 0.016192 0.0155069 0.611026
1 0.801046 0.416646 0.0305233 0.752759 0.516439
1 0.469694 0.333071 0.00740606 0.179368 0.471839
3 0.614983 0.497601 0.0187912 0.0232991 0.435603
3 0.773814 0.901024 0.0293447 0.0369776 0.434111
2 0.173388 0.463281 0.0140458 0.0161943 0.428458
1 0.994179 0.789109 0.011642 0.421782 0.352871
2 0.116138 0.440156 0.0147544 0.0171088 0.304562
1 0.790553 0.674132 0.0416864 0.43427 0.294515
3 0.113795 0.538979 0.0191202 0.0245946 0.281275
4 0.766627 0.626044 0.0233966 0.0282943 0.272933
