0 0.728716 0.956147 0.0733032 0.0841135 0.916798
4 0.456836 0.557829 0.054916 0.0427643 0.827392
2 0.647403 0.468296 0.0204829 0.0251555 0.779049
2 0.880427 0.516469 0.0241467 0.0316187 0.737507
2 0.167847 0.561073 0.0247424 0.0279609 0.735898
1 0.179939 0.302798 0.0298485 0.347293 0.72089
3 0.164206 0.481665 0.0208752 0.0254503 0.71486
1 0.565145 0.264129 0.0156078 0.306016 0.697543
2 0.749293 0.38415 0.0164472 0.0209892 0.692729
3 0.586057 0.411821 0.0180332 0.024014 0.539754
3 0.698737 0.393401 0.0186915 0.0216367 0.51427
