0 0.553578 0.490721 0.0354352 0.0637412 0.938711
4 0.591372 0.555451 0.0351402 0.0361365 0.824785
2 0.569593 0.380639 0.0150278 0.0182469 0.800154
4 0.389407 0.492442 0.022718 0.026898 0.752164
1 0.251947 0.267345 0.0153558 0.23269 0.714562
2 0.066352 0.398606 0.0158892 0.0192768 0.713757
2 0.113962 0.45947 0.0182132 0.0227193 0.662112
3 0.240444 0.383201 0.0141176 0.0164286 0.65898
3 0.535028 0.36112 0.0135314 0.0164712 0.599043
3 0.126561 0.395429 0.0193133 0.0194593 0.545925
3 0.618026 0.354101 0.0114589 0.0143174 0.529175
1 0.516963 0.251929 0.00753584 0.207689 0.528325
4 0.436132 0.407724 0.035104 0.0161157 0.412895
2 0.659426 0.350418 0.0131086 0.0144733 0.391001
3 0.240042 0.384943 0.017944 0.0201862 0.383586
