0 0.557671 0.490279 0.0375664 0.0654398 0.935309
4 0.597594 0.557001 0.0364434 0.0369975 0.842369
2 0.572967 0.37923 0.0149238 0.0199169 0.796963
2 0.0602714 0.39741 0.0169787 0.021 0.708232
2 0.108071 0.45951 0.018447 0.02358 0.692659
1 0.250421 0.264073 0.014736 0.239049 0.660697
3 0.239056 0.38199 0.0141195 0.0164631 0.624107
4 0.438888 0.406937 0.0346243 0.015658 0.580571
1 0.519643 0.248938 0.00813017 0.212538 0.568484
3 0.122557 0.393442 0.0200277 0.021928 0.543293
3 0.620135 0.352539 0.0134047 0.0154105 0.472641
3 0.53585 0.359688 0.0131311 0.0168297 0.449281
2 0.662165 0.348823 0.0113653 0.0141511 0.391279
3 0.239639 0.385004 0.016386 0.0210821 0.353328
3 0.237604 0.383546 0.0150844 0.0204012 0.287009
3 0.617492 0.351593 0.0142496 0.0177216 0.278653
