0 0.539393 0.487597 0.0357765 0.0659594 0.829497
2 0.880554 0.359052 0.016882 0.01983 0.787522
3 0.843603 0.29437 0.0155661 0.0158834 0.784975
3 0.127822 0.433593 0.0270652 0.035968 0.744194
4 0.406544 0.94571 0.0822028 0.1063 0.673358
1 0.733703 0.180348 0.0177449 0.212201 0.635048
3 0.671601 0.486437 0.0226776 0.0363404 0.593887
3 0.746007 0.289892 0.014163 0.0151893 0.543092
2 0.458827 0.297435 0.0130596 0.0165463 0.516823
2 0.331548 0.321782 0.0152255 0.0196737 0.477435
1 0.489357 0.171902 0.00735552 0.1999 0.463765
4 0.595648 0.320746 0.0324447 0.0171867 0.401669
2 0.892927 0.296347 0.0146397 0.017628 0.373778
1 0.490744 0.17092 0.00783177 0.202197 0.346826
2 0.750728 0.314436 0.0141138 0.0156024 0.295003
2 0.45844 0.299753 0.0127131 0.0140435 0.273787
