0 0.557741 0.490283 0.0375962 0.0653886 0.935543
4 0.597687 0.557025 0.0363802 0.0368789 0.833449
2 0.57286 0.379281 0.0148599 0.0199319 0.808131
2 0.0606299 0.39684 0.0166898 0.0209053 0.689383
2 0.108111 0.459397 0.0186092 0.0235944 0.684797
1 0.250416 0.263797 0.0146819 0.23941 0.666928
3 0.238897 0.381688 0.0141787 0.0164859 0.62126
4 0.4394 0.406915 0.0341249 0.0158127 0.598049
3 0.122476 0.393638 0.0198826 0.0217897 0.56743
1 0.519587 0.249238 0.00808735 0.212126 0.558811
3 0.620189 0.352592 0.0134739 0.0153722 0.468466
3 0.535663 0.359084 0.0130053 0.0170717 0.464987
2 0.66236 0.347983 0.0120158 0.0144989 0.364461
3 0.239662 0.384898 0.0164518 0.0212096 0.32288
3 0.237546 0.383206 0.0150767 0.0204279 0.314137
3 0.617593 0.351778 0.0143011 0.0177364 0.281871
2 0.246352 0.405833 0.0151472 0.0162281 0.25436
