0 0.498093 0.462779 0.0230833 0.0429306 0.933102
2 0.240833 0.680933 0.0353479 0.0439321 0.816135
2 0.561118 0.738326 0.0266807 0.0484063 0.80713
1 0.796758 0.463357 0.0343648 0.853898 0.650906
3 0.164363 0.436326 0.016543 0.0158575 0.623193
1 0.262103 0.341812 0.00887736 0.186722 0.618209
1 0.800799 0.415935 0.0306873 0.74981 0.52503
1 0.469416 0.333915 0.00742008 0.177444 0.478358
3 0.774469 0.901152 0.0295872 0.0366424 0.463462
3 0.614891 0.497581 0.0199013 0.0239213 0.457274
2 0.17338 0.463295 0.0140935 0.0161571 0.432918
1 0.994252 0.789248 0.0114962 0.421504 0.343702
4 0.766925 0.626091 0.022896 0.0285758 0.309853
1 0.790567 0.674688 0.0411985 0.433834 0.301459
2 0.116309 0.439961 0.0151092 0.0174799 0.27379
3 0.113818 0.539272 0.0193936 0.023994 0.251809
2 0.615003 0.501083 0.0194469 0.0251183 0.250087
