0 0.728704 0.956156 0.0733549 0.0841048 0.919734
4 0.456821 0.557873 0.0549953 0.0425536 0.833735
2 0.64735 0.468267 0.0207141 0.0247185 0.776789
2 0.880479 0.516424 0.0244835 0.0314015 0.737112
2 0.167712 0.560967 0.0247191 0.0275646 0.734181
3 0.164171 0.481742 0.0210678 0.0254841 0.720263
1 0.180013 0.30301 0.0298798 0.347337 0.718781
1 0.565019 0.264581 0.0155472 0.304764 0.697467
2 0.749419 0.384112 0.0164927 0.0210524 0.669275
3 0.586535 0.4119 0.0179014 0.0238722 0.528296
3 0.69869 0.393326 0.0184327 0.0217449 0.517703
