2 0.581869 0.489176 0.0225109 0.0249436 0.839272
3 0.653118 0.81953 0.028026 0.0532466 0.817033
4 0.273012 0.430593 0.039889 0.0259265 0.784515
1 0.202613 0.234768 0.0171255 0.224967 0.767176
3 0.603801 0.383179 0.0230129 0.0236043 0.733339
3 0.195529 0.355476 0.0156102 0.021138 0.685368
3 0.49437 0.377189 0.0162483 0.0184036 0.684379
2 0.471848 0.419238 0.0182819 0.0174265 0.659115
4 0.0116336 0.708632 0.0230064 0.0565069 0.654981
1 0.477092 0.25415 0.0114916 0.248236 0.618117
2 0.141046 0.392049 0.0185677 0.0204562 0.611722
2 0.659482 0.387142 0.0160474 0.0207624 0.600404
3 0.0999271 0.349695 0.0179115 0.0224655 0.274783
