4 0.312227 0.955117 0.0851601 0.0869406 0.936788
0 0.482207 0.498673 0.0373564 0.0665411 0.91529
4 0.554437 0.332512 0.028105 0.0163062 0.783157
3 0.0763172 0.445274 0.0237878 0.0348342 0.72183
1 0.695218 0.187913 0.0124692 0.207065 0.673946
3 0.7066 0.294014 0.0118037 0.0132023 0.594289
1 0.693202 0.194223 0.0140442 0.210838 0.584446
1 0.453306 0.184623 0.00811403 0.205053 0.523596
2 0.419832 0.308721 0.0130916 0.0154201 0.49934
2 0.291443 0.334326 0.0157078 0.0186652 0.491679
2 0.834321 0.366775 0.0171505 0.0208201 0.406961
3 0.384986 0.475891 0.0219398 0.0287948 0.258803
