0 0.556006 0.525272 0.034539 0.0629054 0.930265
4 0.594984 0.60402 0.0399007 0.0429277 0.896169
4 0.433361 0.393828 0.0389078 0.020415 0.768071
2 0.0615292 0.380419 0.017241 0.0215585 0.727437
3 0.530632 0.320509 0.0151249 0.0191482 0.698299
1 0.247363 0.234676 0.0177205 0.235378 0.68737
2 0.112068 0.469072 0.0171135 0.0235675 0.665217
3 0.236485 0.35854 0.0173183 0.0228529 0.661594
2 0.566705 0.351705 0.0181105 0.0199813 0.651284
3 0.123113 0.37325 0.0193144 0.0217739 0.645898
3 0.615803 0.3109 0.0142949 0.0166317 0.598167
2 0.24803 0.395564 0.0165699 0.0190436 0.568277
1 0.514316 0.213055 0.00868623 0.219669 0.559432
2 0.711941 0.372824 0.0217214 0.0440282 0.468711
3 0.61435 0.309351 0.0139216 0.0187901 0.417583
3 0.612357 0.310442 0.0160974 0.0173273 0.401549
4 0.405193 0.441144 0.0218179 0.0219412 0.392003
