0 0.643502 0.529933 0.0391892 0.0702462 0.906383
4 0.209822 0.899701 0.0887172 0.0938204 0.878188
4 0.692346 0.520851 0.036553 0.0356942 0.826464
4 0.883801 0.374783 0.0402856 0.0201669 0.816361
3 0.359802 0.384052 0.0290784 0.0305999 0.717709
2 0.748162 0.318813 0.0162354 0.0215167 0.679002
2 0.0535026 0.54374 0.026374 0.0370314 0.655888
1 0.810214 0.190875 0.015707 0.226927 0.59293
3 0.702333 0.284016 0.0149391 0.020489 0.325824
2 0.601477 0.322373 0.016069 0.0224066 0.3174
2 0.661793 0.272837 0.0145107 0.0165158 0.307031
2 0.596275 0.319692 0.0163713 0.0234544 0.298815
