0 0.536515 0.488196 0.0356644 0.0663223 0.888105
3 0.118801 0.438406 0.025096 0.0342294 0.786733
3 0.832815 0.295678 0.0139507 0.015881 0.75722
2 0.871713 0.359337 0.0146292 0.0200401 0.704239
1 0.723365 0.18481 0.0155525 0.213709 0.615802
3 0.735798 0.289454 0.0125881 0.0153992 0.606041
1 0.480822 0.174592 0.00701199 0.20125 0.593679
3 0.665945 0.485178 0.0223659 0.0329193 0.550385
2 0.880429 0.297454 0.013034 0.0169171 0.540252
3 0.431329 0.468991 0.0199207 0.0283036 0.503158
2 0.323229 0.327638 0.015414 0.0197163 0.376384
1 0.72405 0.185876 0.0100918 0.219819 0.318238
2 0.741098 0.318474 0.0126391 0.0148546 0.303993
