0 0.5273 0.490294 0.0354457 0.0640343 0.919983
3 0.111733 0.440317 0.0267275 0.0349728 0.750368
3 0.828152 0.296938 0.0162933 0.0157147 0.714316
2 0.864376 0.361456 0.0166069 0.0202307 0.694771
1 0.718588 0.185076 0.0171218 0.2157 0.687436
3 0.730635 0.291272 0.0128619 0.0145928 0.656094
4 0.583778 0.32868 0.0288174 0.017652 0.583669
1 0.47665 0.182795 0.00640509 0.195885 0.482078
2 0.318243 0.328307 0.0168375 0.0188267 0.469318
4 0.400788 0.94801 0.0691584 0.102108 0.39156
3 0.658801 0.488575 0.0221441 0.0335748 0.385893
1 0.477275 0.179684 0.00908946 0.201516 0.339035
