0 0.498122 0.462763 0.0231241 0.0429492 0.932336
2 0.24083 0.680932 0.0353476 0.0439206 0.816236
2 0.56113 0.738304 0.0267613 0.0485764 0.807027
1 0.796764 0.463354 0.0343504 0.854011 0.65071
3 0.164361 0.436329 0.0165489 0.0158629 0.62297
1 0.262097 0.341821 0.00888081 0.186722 0.618802
1 0.800823 0.415934 0.0306581 0.74994 0.524707
1 0.469439 0.333933 0.00743532 0.17737 0.478992
3 0.77448 0.901154 0.0296075 0.0366656 0.460701
3 0.614877 0.497567 0.019933 0.0239203 0.457052
2 0.173385 0.463308 0.0140939 0.016153 0.435134
1 0.994253 0.789229 0.0114946 0.421543 0.344083
4 0.766932 0.626092 0.022893 0.0285928 0.312129
1 0.790564 0.674591 0.0411917 0.434056 0.301342
2 0.116299 0.439964 0.0150834 0.0174582 0.272171
2 0.614991 0.501076 0.0194773 0.0251353 0.252446
3 0.113814 0.539277 0.0193908 0.0240021 0.251074
