0 0.737459 0.90856 0.0772993 0.133946 0.946136
3 0.168153 0.447509 0.0207609 0.0244886 0.858885
4 0.461257 0.519599 0.0558552 0.0378405 0.817162
1 0.183152 0.268254 0.0288562 0.346988 0.797669
2 0.8841 0.479866 0.0232621 0.0290917 0.769186
3 0.701492 0.365524 0.0186346 0.0207194 0.679589
1 0.569225 0.235666 0.013415 0.307994 0.648591
2 0.172374 0.521484 0.0221634 0.0267097 0.636248
3 0.588219 0.38375 0.0170256 0.024033 0.610378
2 0.649754 0.437209 0.0221781 0.0249551 0.5995
2 0.751269 0.357285 0.0162676 0.0212228 0.452046
