0 0.555404 0.544021 0.0345623 0.0654544 0.931897
4 0.594827 0.623467 0.0399509 0.0441826 0.855447
4 0.433144 0.405316 0.0379595 0.0228815 0.829331
3 0.122534 0.384617 0.0190441 0.0204609 0.794918
2 0.564705 0.363743 0.0164562 0.020205 0.743681
1 0.247116 0.249357 0.0181954 0.235168 0.683724
2 0.112657 0.486273 0.0171338 0.0229911 0.682744
2 0.65421 0.31509 0.0134376 0.0167428 0.632046
2 0.0610118 0.392014 0.0173074 0.0212291 0.612539
3 0.531795 0.331967 0.0151919 0.0187248 0.606921
2 0.713566 0.384778 0.0160251 0.03037 0.595625
1 0.514294 0.225278 0.00884477 0.216349 0.585967
4 0.40449 0.490657 0.0220726 0.0271773 0.570151
2 0.247529 0.408258 0.0160701 0.0187281 0.567389
3 0.615562 0.320547 0.0137127 0.0161757 0.345904
2 0.993004 0.518943 0.0138033 0.0386771 0.254459
