0 0.497919 0.46275 0.0227488 0.0429736 0.937408
2 0.240689 0.680654 0.0352822 0.0435752 0.812291
2 0.561353 0.738297 0.0273569 0.0491421 0.804342
1 0.796796 0.46485 0.0340995 0.853232 0.654972
1 0.262295 0.341761 0.00880781 0.186712 0.622948
3 0.164483 0.436353 0.0164015 0.0156074 0.606408
1 0.800705 0.415888 0.030582 0.747926 0.49731
3 0.774593 0.901045 0.0304866 0.0373682 0.485983
1 0.469376 0.333993 0.00742933 0.178271 0.469328
2 0.173356 0.463471 0.0141157 0.0160945 0.462401
3 0.614222 0.497685 0.0194792 0.0238844 0.403907
3 0.113635 0.538851 0.0192392 0.0242667 0.367555
4 0.767012 0.626067 0.0232368 0.0286535 0.341189
1 0.790096 0.676126 0.0388907 0.427161 0.337548
1 0.994358 0.784461 0.0112831 0.431078 0.324165
2 0.614439 0.500835 0.0191956 0.0255164 0.278883
