0 0.498226 0.463072 0.0235824 0.0430026 0.93646
2 0.240711 0.680866 0.0352845 0.0436278 0.816985
2 0.561233 0.738191 0.0272726 0.0496857 0.805366
1 0.796689 0.464656 0.0342068 0.857714 0.63713
1 0.262224 0.342212 0.00887061 0.186531 0.622046
3 0.1644 0.436279 0.0161598 0.0154901 0.608168
1 0.800895 0.416291 0.0303373 0.75035 0.494958
1 0.469522 0.332855 0.00743571 0.179523 0.47062
2 0.173368 0.463305 0.0139752 0.0162478 0.454779
3 0.773729 0.90094 0.0294454 0.0368242 0.435265
3 0.615049 0.497649 0.0187643 0.0234461 0.430191
2 0.116245 0.440085 0.0147337 0.0173079 0.352717
1 0.994167 0.788936 0.0116661 0.422128 0.344544
3 0.113829 0.539142 0.0191991 0.0241284 0.321588
1 0.790502 0.674165 0.0415486 0.43468 0.314471
4 0.766644 0.625968 0.0233137 0.0283871 0.283831
1 0.989944 0.702138 0.0201126 0.595724 0.251379
