0 0.553582 0.490707 0.0354376 0.0637942 0.938025
4 0.591354 0.555387 0.0352045 0.0364025 0.82423
2 0.569578 0.380664 0.0152382 0.0183371 0.799222
4 0.389418 0.492453 0.0226188 0.0269386 0.751719
1 0.251952 0.267311 0.0153449 0.232645 0.715662
2 0.0663581 0.398581 0.0158254 0.0192519 0.715464
2 0.11396 0.459471 0.0181607 0.0227094 0.66026
3 0.240506 0.383204 0.0140268 0.0163337 0.655679
3 0.535038 0.361122 0.0135199 0.0164711 0.595635
3 0.126561 0.395418 0.0192631 0.0194127 0.538094
3 0.618172 0.354187 0.0116818 0.0144199 0.534526
1 0.516931 0.251898 0.00757216 0.207568 0.526666
4 0.436217 0.407733 0.0350456 0.0161405 0.427625
3 0.24006 0.384949 0.0178715 0.0200859 0.379925
2 0.659136 0.350045 0.0136223 0.0152852 0.37909
