0 0.557726 0.490291 0.0374784 0.0654008 0.935443
4 0.597713 0.55709 0.0368036 0.0369886 0.826446
2 0.572813 0.379301 0.0150635 0.0199895 0.804738
2 0.0605377 0.396983 0.0168084 0.0210353 0.690854
2 0.108082 0.459359 0.0184569 0.0236468 0.683264
1 0.25043 0.263716 0.0147483 0.239664 0.667158
3 0.238817 0.381645 0.0143352 0.0167487 0.620185
4 0.438967 0.40675 0.0342617 0.0155038 0.58489
3 0.122551 0.393574 0.0200774 0.021925 0.554236
1 0.519799 0.24911 0.00804407 0.212349 0.55196
3 0.620372 0.352756 0.0136096 0.0151741 0.473847
3 0.535652 0.358913 0.0129906 0.0170743 0.463964
3 0.239499 0.384792 0.0164831 0.0210663 0.332555
3 0.237495 0.383107 0.0150707 0.0204502 0.329905
3 0.617733 0.351981 0.0144062 0.0179208 0.257213
