0 0.531785 0.488538 0.035514 0.0647018 0.922481
3 0.116296 0.43886 0.0253437 0.0334737 0.806322
4 0.39787 0.942845 0.0968702 0.104882 0.778456
3 0.831184 0.29652 0.0157823 0.0158533 0.743371
2 0.86774 0.360953 0.0160053 0.0189518 0.726719
1 0.722324 0.18446 0.0151692 0.213089 0.648941
3 0.735203 0.291528 0.0128928 0.0150308 0.648569
1 0.479155 0.176298 0.00735952 0.20005 0.528028
2 0.739335 0.31758 0.012852 0.0150647 0.467405
2 0.878749 0.298811 0.0129932 0.0176902 0.425391
2 0.32301 0.327495 0.0153781 0.0199613 0.370269
1 0.718367 0.187894 0.00957688 0.214866 0.279998
