0 0.493505 0.481918 0.024653 0.0431395 0.924838
2 0.48131 0.956261 0.0418921 0.0648616 0.871521
4 0.51502 0.52618 0.0219805 0.0208724 0.797923
1 0.66344 0.717793 0.0363045 0.564413 0.779289
4 0.418516 0.420304 0.0202455 0.0134976 0.683447
1 0.27686 0.306546 0.0118469 0.185599 0.669236
3 0.106052 0.584722 0.0199687 0.0214486 0.661063
4 0.363101 0.447686 0.0235619 0.0179923 0.538386
1 0.486195 0.297585 0.00620745 0.172283 0.528863
1 0.83475 0.844935 0.0592579 0.310129 0.510832
3 0.268326 0.404053 0.0121842 0.0147352 0.50762
3 0.181201 0.407766 0.012469 0.014906 0.446429
2 0.523428 0.397543 0.0122479 0.0143659 0.429596
2 0.182414 0.460796 0.014381 0.0184634 0.429317
3 0.187291 0.837379 0.0245463 0.0462038 0.42057
2 0.187197 0.832106 0.0238885 0.0389666 0.403232
1 0.276609 0.301247 0.00783759 0.187554 0.39188
3 0.496938 0.381209 0.0108639 0.0123937 0.270811
