0 0.536502 0.488385 0.0355688 0.0662192 0.891907
3 0.118538 0.438702 0.0250188 0.034332 0.780436
3 0.832731 0.295527 0.0139248 0.0157444 0.768712
2 0.871683 0.359302 0.0146419 0.0200345 0.700698
1 0.723265 0.18486 0.0154938 0.213866 0.62228
3 0.735899 0.289581 0.0126126 0.0154381 0.599063
1 0.480857 0.174749 0.00696165 0.201145 0.592935
2 0.880433 0.297337 0.0129138 0.0168888 0.516527
3 0.665874 0.485133 0.0223398 0.0330647 0.513124
3 0.431287 0.468873 0.0198952 0.0282899 0.494614
2 0.323134 0.327908 0.0154029 0.0196035 0.403847
2 0.741056 0.318501 0.0127094 0.0148798 0.323132
1 0.723999 0.185998 0.0101025 0.220009 0.31413
