0 0.522071 0.48538 0.0304508 0.0531367 0.913735
4 0.913224 0.908208 0.0846573 0.089763 0.904611
4 0.550368 0.537526 0.0259166 0.028704 0.849288
3 0.0317487 0.618742 0.0270431 0.0356904 0.846971
3 0.152421 0.402084 0.0171826 0.0193117 0.767936
2 0.147311 0.460864 0.0149496 0.020775 0.64673
1 0.263944 0.283908 0.0124594 0.215779 0.643021
3 0.909432 0.480956 0.0290465 0.0306105 0.577339
4 0.427475 0.417069 0.0305857 0.0162515 0.372217
2 0.0994116 0.405349 0.0170778 0.0188112 0.329873
1 0.502873 0.272366 0.00835762 0.195658 0.289917
