0 0.493508 0.481937 0.0246472 0.0431779 0.924774
2 0.481312 0.95628 0.0418717 0.0648196 0.871651
4 0.514982 0.526164 0.0219215 0.0209226 0.79546
1 0.663396 0.718 0.0361233 0.564 0.778327
4 0.418518 0.420304 0.0202618 0.0135047 0.68268
1 0.276859 0.306534 0.0118526 0.18563 0.669648
3 0.106052 0.584722 0.019964 0.0214424 0.661032
4 0.363101 0.447685 0.0235748 0.0179921 0.539408
1 0.486205 0.297591 0.00620384 0.17227 0.529771
1 0.834739 0.84493 0.0592144 0.310139 0.513783
3 0.268325 0.404056 0.012206 0.0147537 0.508144
3 0.181199 0.407762 0.0124633 0.0148981 0.445718
2 0.523453 0.397559 0.0122639 0.0144258 0.437462
2 0.182414 0.460799 0.0143861 0.018451 0.429293
3 0.187286 0.837399 0.0245527 0.0462305 0.420942
2 0.187194 0.832126 0.0238909 0.038994 0.402667
1 0.276606 0.30126 0.00784674 0.18752 0.39082
3 0.496913 0.381218 0.0108578 0.0124039 0.274151
