0 0.536542 0.488243 0.0356072 0.0662019 0.890203
3 0.118796 0.438638 0.0250455 0.0341165 0.783456
3 0.832831 0.295718 0.0140255 0.0158232 0.757107
2 0.871646 0.35921 0.0146857 0.0200642 0.70216
1 0.723229 0.184726 0.0156456 0.213886 0.623517
3 0.735766 0.289487 0.0125525 0.0153916 0.614606
1 0.480781 0.174768 0.00698128 0.20107 0.588248
2 0.880338 0.297437 0.012925 0.0168851 0.531617
3 0.665859 0.485338 0.0221447 0.0327073 0.517367
3 0.431216 0.469064 0.0198881 0.0282241 0.506307
2 0.323331 0.327619 0.0152985 0.019713 0.31983
2 0.741088 0.318396 0.0125852 0.0147772 0.310632
1 0.723966 0.185918 0.0101212 0.219673 0.298248
