0 0.555397 0.544019 0.0345406 0.0653899 0.931935
4 0.594801 0.623563 0.039752 0.0444178 0.854306
4 0.433175 0.405354 0.0380646 0.0228793 0.830884
3 0.12252 0.384623 0.0190177 0.0204173 0.79483
2 0.564693 0.363748 0.016449 0.0202439 0.743883
2 0.112704 0.486161 0.0172411 0.0231373 0.688377
1 0.247101 0.249379 0.0182059 0.234961 0.682396
2 0.654262 0.315114 0.0134432 0.016793 0.635649
2 0.0610049 0.392027 0.0172917 0.0211775 0.612076
3 0.531793 0.331966 0.015172 0.0186836 0.605114
1 0.514319 0.225156 0.00884019 0.216575 0.584605
4 0.404491 0.490672 0.0220807 0.0271637 0.567603
2 0.247527 0.40825 0.0160771 0.018736 0.567527
2 0.713397 0.385038 0.0149881 0.0299247 0.438951
3 0.615527 0.32057 0.0137503 0.0162471 0.343475
2 0.992955 0.519019 0.0138765 0.0390891 0.258656
