0 0.522077 0.485385 0.0304468 0.053111 0.912158
4 0.913239 0.908227 0.0846497 0.0898914 0.90481
4 0.550419 0.537587 0.0258827 0.0289047 0.848828
3 0.0317373 0.618754 0.0270152 0.0355989 0.847193
3 0.152433 0.402089 0.0171565 0.0192817 0.768929
2 0.147307 0.460889 0.0149423 0.0207712 0.648103
1 0.263976 0.283917 0.0124346 0.215769 0.64215
3 0.909415 0.480947 0.0291736 0.0307107 0.5779
4 0.427481 0.417062 0.0305226 0.0162652 0.374776
2 0.0994176 0.405355 0.0170624 0.0187801 0.331129
1 0.502881 0.272221 0.00835723 0.196044 0.295002
