0 0.493503 0.481928 0.0246315 0.0431425 0.925538
2 0.481323 0.956298 0.0418934 0.0648211 0.871262
4 0.515029 0.526132 0.0219473 0.0209208 0.789818
1 0.663393 0.718057 0.0361065 0.563886 0.778432
4 0.41852 0.420303 0.0202854 0.0135033 0.682953
1 0.276861 0.306545 0.0118577 0.185628 0.669476
3 0.106048 0.584725 0.0199623 0.0214366 0.660157
4 0.363102 0.447672 0.0235807 0.0180127 0.540909
1 0.486194 0.297612 0.00620729 0.172243 0.529928
3 0.268394 0.404185 0.0122572 0.0148946 0.523503
1 0.834737 0.844967 0.0591665 0.310067 0.509095
3 0.181198 0.407762 0.0124623 0.0148984 0.445594
2 0.523439 0.39761 0.0122346 0.0143656 0.445304
2 0.182414 0.460803 0.0143771 0.0184496 0.429355
3 0.187286 0.837397 0.024547 0.0462388 0.420582
2 0.187194 0.832126 0.0238848 0.0390008 0.402147
1 0.276613 0.30133 0.00786004 0.18763 0.38968
3 0.496927 0.381219 0.0108566 0.0124017 0.27298
