0 0.293913 0.680464 0.0539579 0.0878315 0.923451
4 0.339923 0.637346 0.0404447 0.0505479 0.889251
3 0.666205 0.336363 0.0149984 0.0192159 0.707481
4 0.474885 0.387482 0.044135 0.0226193 0.696543
2 0.323025 0.352823 0.016146 0.0187329 0.686197
2 0.214276 0.310072 0.0144349 0.0159077 0.674779
1 0.651911 0.209308 0.0145494 0.25078 0.668895
3 0.260764 0.314527 0.0166331 0.018811 0.661674
2 0.838943 0.349181 0.0156889 0.0192332 0.659378
2 0.813128 0.442431 0.0199844 0.0234643 0.652042
3 0.35757 0.318736 0.0150842 0.0187404 0.638617
1 0.370508 0.200179 0.0111504 0.228355 0.626915
3 0.780183 0.346034 0.0203314 0.0212468 0.516626
2 0.665268 0.376731 0.0137617 0.0169434 0.514873
