4 0.234476 0.335911 0.0421707 0.0288043 0.878565
3 0.646959 0.847675 0.033453 0.0537883 0.846035
2 0.0918367 0.28927 0.0182816 0.0207403 0.779525
1 0.164734 0.121285 0.0252206 0.242569 0.75656
3 0.483912 0.271695 0.0182976 0.0198557 0.739961
2 0.577367 0.41092 0.0221668 0.0254891 0.712425
3 0.159003 0.245282 0.0161099 0.0203044 0.663712
2 0.6649 0.286001 0.0187618 0.0225249 0.652122
1 0.463064 0.13542 0.011594 0.270516 0.58434
3 0.603148 0.279112 0.0225982 0.0220883 0.556305
1 0.465961 0.135982 0.0121443 0.271447 0.309904
3 0.0577515 0.238651 0.0196952 0.0223271 0.273317
