3 0.650163 0.837298 0.0296896 0.0520617 0.804251
2 0.0929622 0.356448 0.0190489 0.0219461 0.784684
4 0.232777 0.394586 0.0421994 0.0235516 0.776903
1 0.165516 0.186084 0.0205688 0.254746 0.760608
2 0.453532 0.383229 0.0173347 0.0176818 0.719938
2 0.572262 0.45806 0.0219072 0.0251969 0.703056
3 0.157074 0.317206 0.0162442 0.0190234 0.70013
2 0.660022 0.351761 0.0167114 0.021649 0.673921
3 0.0551659 0.311719 0.0187674 0.0197901 0.656593
3 0.597209 0.346129 0.0220168 0.0243405 0.591677
1 0.459252 0.200421 0.0114626 0.271727 0.504362
3 0.479647 0.340289 0.0162438 0.0195315 0.459162
2 0.0130975 0.305261 0.0163318 0.0180001 0.328366
