0 0.492733 0.478948 0.024234 0.0436906 0.878501
2 0.472329 0.929469 0.034965 0.0428833 0.832055
3 0.104504 0.579246 0.0205097 0.0215096 0.802751
2 0.181208 0.814752 0.0261633 0.0357099 0.758032
4 0.51432 0.523951 0.0217794 0.0241455 0.740185
1 0.653302 0.695952 0.0357269 0.608096 0.736483
3 0.0720069 0.745538 0.0295354 0.0338688 0.674018
1 0.821043 0.818341 0.0536762 0.363317 0.637108
1 0.487102 0.299728 0.00698108 0.173072 0.607172
1 0.277652 0.308678 0.0112473 0.185744 0.600444
4 0.363516 0.447354 0.022977 0.0181507 0.585783
4 0.418788 0.421846 0.0194193 0.0122419 0.56399
3 0.268846 0.40592 0.0127687 0.0155062 0.481246
2 0.182789 0.460247 0.0142245 0.0192649 0.280043
2 0.489557 0.982818 0.0395191 0.0313112 0.251521
