0 0.493343 0.486235 0.0251663 0.0460793 0.92029
4 0.514445 0.532908 0.0210932 0.0231849 0.892456
3 0.106894 0.600032 0.0189536 0.0212338 0.80963
1 0.663643 0.764412 0.0365057 0.47042 0.797518
3 0.180326 0.404156 0.0127577 0.0154751 0.774548
2 0.63522 0.407798 0.0165081 0.0201057 0.752854
2 0.188558 0.865123 0.0254291 0.0348759 0.69901
1 0.276867 0.300248 0.0119529 0.181187 0.666599
2 0.182706 0.461406 0.0140663 0.018335 0.589291
4 0.417514 0.419651 0.0271074 0.0137546 0.587687
2 0.477536 0.985999 0.0297416 0.0280015 0.511191
1 0.485885 0.288162 0.00710887 0.17449 0.506798
4 0.36365 0.447873 0.0217358 0.0183136 0.449635
1 0.276338 0.293257 0.0078126 0.181446 0.432758
3 0.268341 0.39465 0.0149103 0.0166731 0.407004
2 0.276559 0.418679 0.0147907 0.0145004 0.350277
2 0.13491 0.407897 0.0145619 0.0153005 0.277007
