0 0.553445 0.490698 0.0353321 0.0634879 0.936402
4 0.591078 0.555445 0.0352688 0.0363418 0.832897
2 0.569523 0.380594 0.0150113 0.0183917 0.79173
2 0.0660833 0.398734 0.0158944 0.0195944 0.712154
1 0.252187 0.26754 0.0150033 0.2325 0.694472
2 0.114247 0.459235 0.0185564 0.0230279 0.670001
3 0.240498 0.383319 0.0142741 0.0165352 0.639067
3 0.534757 0.360947 0.0136385 0.0164548 0.601712
4 0.436464 0.407548 0.0339417 0.0159163 0.56289
3 0.126551 0.395221 0.0196805 0.0198248 0.558971
1 0.517031 0.251516 0.00763378 0.211149 0.527608
3 0.61773 0.353956 0.0115227 0.0145535 0.519665
2 0.659605 0.350272 0.0128497 0.0140055 0.464924
3 0.240159 0.384994 0.0181233 0.0206229 0.401119
