0 0.55768 0.490272 0.0376111 0.0655195 0.93861
4 0.597771 0.557124 0.0369501 0.0367441 0.829897
2 0.572885 0.379512 0.0151469 0.0200975 0.787749
2 0.060342 0.397039 0.0169123 0.0209686 0.704562
2 0.1083 0.459418 0.0185021 0.0235794 0.678689
1 0.250406 0.263702 0.0148042 0.239707 0.671206
3 0.238771 0.381887 0.0143912 0.016928 0.626955
1 0.519807 0.249271 0.00805127 0.212302 0.552497
3 0.122611 0.393393 0.0203761 0.0221924 0.545665
4 0.437907 0.406644 0.0356499 0.015379 0.528612
3 0.536063 0.359358 0.0132027 0.0172926 0.454525
3 0.619705 0.352434 0.0133613 0.0156531 0.423697
3 0.237492 0.383292 0.0150722 0.0205872 0.336503
3 0.23938 0.384816 0.016485 0.0210895 0.334765
3 0.617251 0.351349 0.0142158 0.0175662 0.290003
