0 0.498132 0.462767 0.0231015 0.0428662 0.934662
2 0.240685 0.680707 0.0350496 0.0436194 0.813946
2 0.561187 0.738238 0.0269768 0.0489524 0.80852
1 0.796794 0.464995 0.0341075 0.858649 0.643217
3 0.164373 0.436353 0.0164209 0.0156238 0.630579
1 0.262089 0.342198 0.00891552 0.186127 0.619198
1 0.80106 0.416772 0.0301812 0.750927 0.522265
1 0.469571 0.334426 0.00749882 0.176329 0.485264
3 0.614707 0.497497 0.019838 0.0238229 0.467281
3 0.774144 0.901177 0.0296893 0.0367977 0.448087
2 0.173349 0.463247 0.0140523 0.0162587 0.439774
1 0.994241 0.791396 0.0115173 0.417208 0.342252
4 0.526416 0.492664 0.022974 0.0206403 0.339192
1 0.790472 0.674518 0.0411764 0.434577 0.323963
3 0.113847 0.539217 0.01928 0.0242593 0.313905
2 0.116229 0.439853 0.0152724 0.0175617 0.310324
4 0.766691 0.62587 0.0232235 0.0283981 0.286964
