0 0.536509 0.488071 0.0357248 0.0667129 0.887746
3 0.118912 0.438307 0.0251115 0.0344953 0.779817
3 0.832772 0.295457 0.0140433 0.0157013 0.756638
2 0.871557 0.359424 0.0148037 0.0199503 0.716457
3 0.735708 0.289369 0.0126346 0.0154823 0.637682
1 0.723361 0.18505 0.0156178 0.213414 0.627252
1 0.480798 0.174591 0.00681725 0.201817 0.58504
2 0.880304 0.297462 0.0131497 0.017304 0.56758
3 0.666035 0.485353 0.0227187 0.0328798 0.545367
3 0.431344 0.469016 0.0193999 0.027956 0.471258
2 0.323391 0.327691 0.0153101 0.0199664 0.328959
1 0.724044 0.186341 0.0100857 0.218645 0.304063
2 0.740934 0.318271 0.0125479 0.014848 0.285738
