0 0.536564 0.488431 0.035658 0.0665545 0.892497
3 0.11877 0.438652 0.0250129 0.0341762 0.778307
3 0.832877 0.295719 0.013782 0.0155971 0.745655
2 0.871657 0.359266 0.0146835 0.020015 0.710361
1 0.723357 0.184906 0.0156375 0.213621 0.612433
3 0.735849 0.289484 0.0126101 0.015444 0.600891
1 0.480781 0.174688 0.00699597 0.201397 0.590941
2 0.880439 0.297357 0.0129784 0.0170153 0.543281
3 0.665926 0.485214 0.0226424 0.0332389 0.529541
3 0.431354 0.46902 0.0196775 0.0277429 0.50951
2 0.323242 0.32774 0.0153398 0.0198815 0.398845
2 0.741035 0.318379 0.0126316 0.0147926 0.341576
1 0.724049 0.185984 0.010104 0.219682 0.314342
