0 0.536526 0.488195 0.0356157 0.0662979 0.887784
3 0.118782 0.438397 0.0250755 0.0342849 0.785806
3 0.832809 0.295685 0.0139369 0.0158446 0.759101
2 0.871729 0.359331 0.0145885 0.0199822 0.702674
1 0.723348 0.18484 0.015534 0.213609 0.615566
3 0.735809 0.289434 0.0125899 0.0153893 0.605554
1 0.480826 0.174572 0.00700361 0.201246 0.594827
3 0.665936 0.485179 0.0222985 0.0328063 0.547407
2 0.880427 0.297439 0.013022 0.0168767 0.541304
3 0.431334 0.468994 0.0198151 0.0281888 0.499199
1 0.724047 0.185852 0.0100829 0.219846 0.317314
2 0.7411 0.318468 0.0126099 0.0148193 0.303658
