0 0.536565 0.488425 0.0356542 0.0665313 0.892313
3 0.118772 0.438676 0.0250202 0.0342573 0.777329
3 0.832878 0.295719 0.0137821 0.0155976 0.746036
2 0.871657 0.359267 0.0146835 0.020005 0.710541
1 0.723356 0.184912 0.0156359 0.213616 0.612497
3 0.735849 0.289483 0.0126099 0.0154438 0.60069
1 0.480782 0.174675 0.00698927 0.201404 0.591872
2 0.880438 0.297358 0.0129812 0.0170178 0.543277
3 0.665922 0.485214 0.0226216 0.0331875 0.531479
3 0.431383 0.469043 0.019569 0.0276061 0.510772
2 0.32331 0.327606 0.0152572 0.0199543 0.35275
2 0.741034 0.318377 0.0126304 0.0147876 0.341895
1 0.724049 0.185996 0.0101031 0.219655 0.313764
