4 0.355203 0.953894 0.0791308 0.0892964 0.962322
0 0.505243 0.496711 0.0357006 0.0657753 0.934829
3 0.0952881 0.444563 0.0228461 0.0365172 0.745089
4 0.571475 0.330798 0.0322464 0.0165875 0.736763
3 0.718489 0.293778 0.0120941 0.0136392 0.722384
1 0.707692 0.188184 0.016803 0.211425 0.645656
2 0.303877 0.334828 0.0134913 0.0174482 0.629534
3 0.815193 0.300364 0.0151955 0.0173668 0.585562
2 0.864168 0.304396 0.0142326 0.0174183 0.528283
2 0.849581 0.364621 0.0157862 0.0206049 0.478554
1 0.464609 0.180125 0.00752899 0.202088 0.434228
2 0.43285 0.305708 0.0134619 0.0152379 0.362648
