0 0.666603 0.807618 0.0556863 0.103703 0.944332
4 0.456887 0.5114 0.0487171 0.0356763 0.855108
4 0.744937 0.966754 0.0762049 0.0664912 0.840855
2 0.205937 0.514981 0.0202592 0.0240326 0.823773
3 0.198065 0.450264 0.0191951 0.0244842 0.793983
3 0.0436868 0.473068 0.0221669 0.0242783 0.782445
1 0.553904 0.255898 0.0137219 0.276177 0.744411
1 0.212099 0.292844 0.022851 0.310822 0.728858
2 0.624367 0.439182 0.0191816 0.022955 0.690561
3 0.573468 0.393197 0.0161718 0.0215226 0.609669
2 0.828465 0.476721 0.0216747 0.0260145 0.591799
3 0.675394 0.374421 0.0172176 0.0180155 0.570976
3 0.00770954 0.658708 0.0152743 0.0434034 0.379045
