0 0.493333 0.486239 0.0251529 0.04611 0.919661
4 0.51444 0.532887 0.0211618 0.0231574 0.89214
3 0.106892 0.600036 0.0189512 0.0212337 0.809171
1 0.663616 0.764444 0.0363813 0.47043 0.798484
3 0.180323 0.404152 0.0127589 0.01548 0.774271
2 0.635192 0.407781 0.0164051 0.0201023 0.752973
2 0.188559 0.865124 0.0254185 0.0348661 0.699091
1 0.276875 0.300268 0.0119652 0.181248 0.667486
2 0.182705 0.461406 0.0140591 0.0183348 0.589262
4 0.417519 0.419647 0.0271025 0.013757 0.587774
2 0.477532 0.986043 0.0297349 0.0279144 0.515965
1 0.485896 0.288129 0.00712196 0.174279 0.506849
4 0.363649 0.447869 0.0217336 0.0183248 0.450318
1 0.276343 0.293248 0.00781718 0.181497 0.431279
3 0.268336 0.394675 0.0149042 0.0166535 0.406722
2 0.276562 0.418676 0.0147885 0.0144964 0.348206
2 0.134895 0.407917 0.014539 0.015317 0.277676
3 0.590716 0.381314 0.0183361 0.0226895 0.25582
