0 0.497992 0.462666 0.0228127 0.0432515 0.936237
2 0.561215 0.738539 0.0266029 0.0480616 0.812353
2 0.240655 0.68083 0.0353188 0.0437567 0.81221
1 0.796678 0.463665 0.0345838 0.853339 0.663478
1 0.26212 0.34233 0.00871506 0.186094 0.61832
3 0.164458 0.436189 0.0161706 0.0152931 0.559238
1 0.800542 0.4147 0.0310032 0.745701 0.519086
1 0.469467 0.334077 0.00739662 0.177119 0.473432
3 0.774207 0.901108 0.0298322 0.0368004 0.45961
3 0.614585 0.497359 0.0191706 0.0236562 0.435818
2 0.173569 0.463408 0.0142364 0.0161899 0.418972
4 0.767179 0.625872 0.0228343 0.0286155 0.384238
1 0.994076 0.793829 0.011849 0.412342 0.34668
3 0.11373 0.539125 0.0192644 0.024029 0.3271
1 0.79022 0.669624 0.0389339 0.437179 0.32277
2 0.116331 0.439849 0.0152042 0.017526 0.292234
2 0.614788 0.500977 0.0188311 0.025298 0.257249
