0 0.535253 0.488346 0.0363697 0.0661041 0.904266
3 0.11744 0.438271 0.0257398 0.0335396 0.801588
3 0.832188 0.295446 0.0138882 0.0157984 0.773284
2 0.87103 0.359522 0.014931 0.0199739 0.733687
1 0.722906 0.184347 0.0146431 0.215381 0.658063
3 0.735717 0.290569 0.0128012 0.0154734 0.62331
1 0.480029 0.175199 0.00780184 0.199844 0.608749
2 0.879047 0.297116 0.0129074 0.016828 0.548246
3 0.430157 0.468491 0.0201876 0.0277806 0.530258
2 0.322867 0.32753 0.0155113 0.0195771 0.354017
2 0.740079 0.317483 0.0130171 0.0150389 0.336751
1 0.719343 0.186164 0.00959349 0.212283 0.260914
