0 0.493342 0.469653 0.0236868 0.0426368 0.94196
4 0.514913 0.509029 0.0199356 0.0178938 0.800875
3 0.10461 0.558272 0.0205824 0.0216275 0.792779
1 0.847191 0.716064 0.0616669 0.567872 0.792151
2 0.485527 0.847681 0.0355344 0.0511423 0.785093
1 0.674112 0.611157 0.0378767 0.768125 0.756136
2 0.186696 0.752316 0.0241814 0.0345924 0.705362
1 0.276597 0.322391 0.0120692 0.183314 0.573462
1 0.483606 0.315158 0.00754051 0.172547 0.490615
4 0.442854 0.466656 0.0176172 0.0227688 0.480568
2 0.634601 0.419554 0.0148288 0.0166863 0.44328
2 0.13356 0.424323 0.0143272 0.0162737 0.432288
1 0.276575 0.318248 0.00760826 0.190391 0.42574
3 0.422776 0.516372 0.0161438 0.0249838 0.277174
