0 0.27739 0.96375 0.032847 0.0575457 0.933209
4 0.472342 0.709298 0.0326862 0.0219736 0.84783
4 0.316907 0.927737 0.0353804 0.0393387 0.814471
3 0.732535 0.683219 0.0196177 0.0209711 0.758313
2 0.780429 0.689174 0.0167088 0.0197739 0.749257
2 0.712332 0.788559 0.0195488 0.0245669 0.694119
2 0.370335 0.660236 0.014679 0.0192624 0.68956
1 0.62971 0.568464 0.0117786 0.194995 0.666859
3 0.64349 0.666905 0.0167108 0.0185205 0.652631
2 0.625232 0.707317 0.0160057 0.0172615 0.599817
1 0.41515 0.53596 0.00845642 0.179256 0.506132
3 0.335058 0.611601 0.0126738 0.0140568 0.481208
3 0.00903056 0.833053 0.0178472 0.0408945 0.475931
3 0.406634 0.623761 0.0116605 0.0158219 0.473162
2 0.302985 0.604579 0.0123496 0.0150144 0.357033
