0 0.536543 0.488244 0.0356051 0.0661957 0.890042
3 0.118802 0.438622 0.0250146 0.0340847 0.784095
3 0.83283 0.295714 0.0140154 0.015803 0.756626
2 0.871646 0.359206 0.0146726 0.0200558 0.701363
1 0.723225 0.184734 0.0156342 0.213884 0.6228
3 0.735767 0.289483 0.0125471 0.0153896 0.613864
1 0.480792 0.174749 0.00696142 0.201109 0.585227
2 0.880337 0.297435 0.0129188 0.0168746 0.532112
3 0.665857 0.485341 0.0221214 0.032688 0.519769
3 0.43117 0.469059 0.0198346 0.0281164 0.476585
2 0.741088 0.318394 0.0125727 0.0147709 0.310028
2 0.323277 0.327626 0.015111 0.0197195 0.308724
1 0.723966 0.185917 0.0101133 0.219673 0.300294
