0 0.553529 0.490752 0.03535 0.0635905 0.936189
4 0.591162 0.555448 0.0351139 0.0362426 0.836611
2 0.569482 0.380834 0.015266 0.0185345 0.791759
2 0.0661897 0.398742 0.0159863 0.0197312 0.714786
1 0.252185 0.267245 0.0150508 0.23299 0.701002
2 0.114202 0.459323 0.0185109 0.0228873 0.673333
3 0.24059 0.383202 0.0140051 0.0164379 0.639116
3 0.534614 0.360858 0.0136246 0.016541 0.624327
3 0.126488 0.395357 0.0197299 0.0198761 0.580415
4 0.436613 0.407755 0.0342795 0.0162606 0.541348
3 0.617898 0.354096 0.0116079 0.0145332 0.540885
1 0.516846 0.251604 0.0076929 0.211208 0.529161
2 0.659117 0.350181 0.0129701 0.0139777 0.420817
3 0.240266 0.385004 0.0179366 0.0202904 0.384796
