0 0.493408 0.469702 0.0237568 0.0427032 0.932954
3 0.10445 0.558062 0.0206692 0.0217603 0.804057
1 0.847123 0.716148 0.0619717 0.567703 0.789995
2 0.485726 0.847495 0.035555 0.0510687 0.788538
4 0.51501 0.508327 0.0205175 0.0179274 0.764973
1 0.674032 0.610701 0.0382086 0.765791 0.764599
2 0.186787 0.752576 0.0240813 0.0348741 0.730177
1 0.27666 0.320642 0.0119756 0.188268 0.562111
4 0.442926 0.466476 0.0177874 0.0225756 0.53336
1 0.483662 0.315509 0.0074484 0.172395 0.464212
2 0.133729 0.424357 0.0143971 0.0163992 0.461448
1 0.276585 0.318205 0.00750429 0.190796 0.4351
2 0.634952 0.419179 0.0156338 0.0172702 0.356633
3 0.422771 0.516097 0.0160062 0.0249541 0.27624
3 0.578108 0.406275 0.0134224 0.0312772 0.273999
