0 0.559702 0.604485 0.0342934 0.0636655 0.911094
4 0.598143 0.690215 0.0425344 0.0468313 0.868441
4 0.43777 0.447763 0.0354904 0.0244436 0.807347
2 0.569182 0.400783 0.016349 0.0208708 0.789342
2 0.116311 0.536571 0.0201175 0.0241499 0.78656
2 0.718238 0.418026 0.0186487 0.0267917 0.76054
3 0.124815 0.424135 0.0181996 0.0213324 0.752661
3 0.238452 0.406303 0.0165902 0.0185627 0.747956
1 0.249722 0.284798 0.0180891 0.232103 0.732937
3 0.531755 0.364849 0.0159255 0.0202349 0.71395
2 0.249383 0.449856 0.0154881 0.0192477 0.675395
2 0.064092 0.433356 0.0174414 0.0193552 0.605799
1 0.516337 0.256024 0.0088993 0.214774 0.569174
4 0.407588 0.54396 0.0213743 0.0292038 0.521036
2 0.72022 0.411947 0.0186328 0.0309752 0.488026
3 0.617276 0.353805 0.0145158 0.016313 0.481283
3 0.610144 0.353361 0.0138102 0.0170509 0.38032
3 0.614566 0.352701 0.0136522 0.018461 0.301907
2 0.658493 0.349428 0.0126051 0.0145125 0.258191
