0 0.558347 0.56929 0.0358671 0.0629553 0.934465
4 0.59752 0.65148 0.040899 0.0446208 0.878809
2 0.247368 0.424962 0.0157025 0.0193805 0.817439
2 0.568848 0.378204 0.0154478 0.0197443 0.806399
3 0.123817 0.401467 0.0181679 0.0210918 0.797787
4 0.436125 0.423613 0.0369154 0.021907 0.79669
2 0.114534 0.507701 0.0175319 0.0228067 0.768451
3 0.237691 0.383418 0.017217 0.0199306 0.697613
1 0.249206 0.262472 0.0180769 0.238539 0.687616
2 0.715376 0.401495 0.0151227 0.0240617 0.677254
2 0.0626933 0.408647 0.0176823 0.0204173 0.605312
3 0.618359 0.336177 0.0127896 0.0157084 0.575808
1 0.516047 0.238368 0.00885543 0.221621 0.542991
4 0.40608 0.513293 0.021084 0.0299567 0.489076
3 0.531319 0.344415 0.0160019 0.020565 0.347824
2 0.653953 0.330233 0.0134152 0.0151205 0.301425
3 0.608648 0.333705 0.0118959 0.0158593 0.2678
