0 0.493349 0.486219 0.025182 0.0460679 0.921456
4 0.514375 0.532878 0.0210159 0.0231478 0.891172
3 0.106869 0.600243 0.0188537 0.0209998 0.799073
1 0.663613 0.764381 0.0364518 0.470527 0.796985
3 0.180325 0.404152 0.0127574 0.0154775 0.774588
2 0.635179 0.407947 0.0166605 0.0201385 0.747645
2 0.188565 0.865144 0.0254102 0.0348444 0.697075
1 0.276829 0.300214 0.011938 0.181002 0.662731
2 0.182703 0.461406 0.0140563 0.0183346 0.588139
4 0.417461 0.419561 0.027079 0.0136883 0.57607
2 0.477675 0.986011 0.0295862 0.0279788 0.506571
1 0.485886 0.288122 0.00708854 0.17434 0.505115
4 0.363661 0.447859 0.0217559 0.0183647 0.457345
1 0.276318 0.293194 0.00780472 0.181507 0.438979
3 0.268325 0.394692 0.0149001 0.016676 0.408073
2 0.276594 0.41866 0.0147837 0.014473 0.350342
2 0.134889 0.407905 0.0145912 0.0153042 0.282664
