0 0.57775 0.735267 0.0341518 0.064475 0.924721
4 0.617878 0.832525 0.0478188 0.0548578 0.903147
4 0.449532 0.536309 0.0379685 0.0279871 0.84152
2 0.730316 0.510322 0.0188234 0.0258007 0.815438
2 0.130758 0.643456 0.0196445 0.0247812 0.797497
3 0.136189 0.508996 0.0177574 0.0212624 0.793136
3 0.25058 0.488831 0.0180884 0.0218092 0.774719
2 0.0762897 0.517488 0.0206373 0.0208548 0.698836
3 0.626826 0.423748 0.0144944 0.0188624 0.697435
1 0.26175 0.369517 0.0176182 0.231168 0.683442
2 0.262202 0.539645 0.0161867 0.019501 0.608748
3 0.542415 0.438644 0.0155483 0.0201956 0.575255
1 0.526932 0.33068 0.0100498 0.214405 0.553117
2 0.580727 0.479194 0.0181522 0.0211084 0.491686
2 0.665389 0.416468 0.0139813 0.0191227 0.370343
