0 0.374526 0.577485 0.0511093 0.0889125 0.923129
4 0.412933 0.546279 0.0325855 0.0454172 0.862274
4 0.516023 0.334789 0.0423866 0.0216191 0.829848
3 0.293043 0.273224 0.0172464 0.0178082 0.751452
2 0.860571 0.379982 0.0183784 0.0238263 0.708364
2 0.36012 0.305657 0.0183225 0.0224866 0.667633
3 0.817045 0.299431 0.0178789 0.0188733 0.645033
1 0.686842 0.168789 0.018149 0.250865 0.606395
2 0.247114 0.268976 0.0137376 0.0157439 0.570419
3 0.701371 0.290418 0.0149328 0.0192301 0.512373
1 0.404239 0.158573 0.0106862 0.230794 0.50539
2 0.706057 0.32725 0.0172377 0.0201386 0.407734
3 0.394612 0.274765 0.0121786 0.0185242 0.351762
