0 0.559729 0.600667 0.0343792 0.0650443 0.925452
4 0.598552 0.685888 0.0420662 0.048543 0.848028
4 0.437209 0.445383 0.0368898 0.0237943 0.817023
2 0.717649 0.418734 0.0188044 0.0263963 0.809714
2 0.116644 0.533499 0.0185415 0.0237376 0.806476
3 0.239171 0.404568 0.016503 0.0188407 0.771087
2 0.569194 0.397417 0.0160757 0.020752 0.761158
3 0.530699 0.362206 0.0152088 0.0198365 0.758822
3 0.12404 0.422142 0.0178002 0.0215276 0.750126
1 0.249964 0.286426 0.0188053 0.22562 0.730502
2 0.249037 0.447438 0.0153808 0.0196805 0.694142
2 0.06362 0.429433 0.0173216 0.01902 0.665024
4 0.407341 0.540172 0.0206946 0.0301792 0.64592
1 0.516474 0.253485 0.00885868 0.213729 0.585671
3 0.614296 0.350364 0.0144503 0.0178976 0.470889
2 0.658151 0.346375 0.0134896 0.0147065 0.398109
2 0.719735 0.413608 0.0186568 0.0313752 0.372801
3 0.611658 0.351512 0.0152512 0.0184059 0.301624
