0 0.498038 0.462655 0.0228504 0.043154 0.933724
2 0.240662 0.680825 0.0354156 0.0437505 0.812052
2 0.561223 0.73842 0.0268603 0.0486523 0.809581
1 0.79667 0.463755 0.0345888 0.853252 0.664183
1 0.262097 0.342323 0.00873766 0.186097 0.6186
3 0.164459 0.436202 0.0161818 0.0153598 0.562673
1 0.80052 0.41451 0.0310153 0.745995 0.512826
1 0.469496 0.333897 0.00740414 0.177739 0.473622
3 0.614508 0.497308 0.0192896 0.0239462 0.45862
3 0.774272 0.901144 0.0299526 0.0369695 0.454082
2 0.173567 0.463398 0.0142438 0.0162173 0.420463
4 0.767144 0.625886 0.0228931 0.0286169 0.368978
1 0.99407 0.793889 0.0118603 0.412221 0.348583
3 0.113729 0.539136 0.0192965 0.0240853 0.32902
1 0.790223 0.67069 0.0389537 0.435171 0.321763
2 0.116341 0.439802 0.015326 0.0176128 0.292875
2 0.61471 0.500791 0.0188641 0.0256213 0.256157
