3 0.649736 0.836678 0.0290808 0.0517114 0.820576
4 0.23419 0.401168 0.0442686 0.0233965 0.811687
2 0.572579 0.463006 0.0221451 0.0240228 0.78941
2 0.659291 0.359106 0.0167232 0.0221408 0.785255
2 0.0960743 0.36227 0.0197027 0.0219691 0.746381
3 0.597548 0.354264 0.0197052 0.0241736 0.733775
1 0.166078 0.196944 0.0209394 0.253504 0.723281
3 0.0558952 0.319397 0.018049 0.0192513 0.610567
1 0.459014 0.206933 0.0115266 0.27042 0.540809
2 0.451267 0.392958 0.0183324 0.0207804 0.352276
3 0.477214 0.34896 0.0175995 0.0215755 0.312049
