0 0.728724 0.956156 0.0733465 0.0841004 0.919577
4 0.456827 0.557872 0.0549883 0.0425519 0.833334
2 0.647346 0.468267 0.0207244 0.0247265 0.776924
2 0.880482 0.516423 0.024481 0.0314003 0.737173
2 0.167714 0.560965 0.0247238 0.0275643 0.734277
3 0.164182 0.481724 0.0210436 0.0254423 0.71916
1 0.180013 0.303011 0.0298781 0.347335 0.719112
1 0.565025 0.264666 0.0155571 0.304586 0.697605
2 0.749418 0.384118 0.01649 0.0210504 0.669191
3 0.586532 0.411902 0.0179005 0.0238717 0.528419
3 0.698686 0.393328 0.018433 0.0217465 0.518081
