0 0.557744 0.490283 0.037597 0.0653989 0.935589
4 0.597676 0.557024 0.0362993 0.0367269 0.833201
2 0.57286 0.379275 0.0148216 0.0198802 0.807927
2 0.0606309 0.396842 0.0166811 0.0209308 0.688445
2 0.108112 0.459397 0.0185545 0.0236174 0.684643
1 0.25042 0.263774 0.0146816 0.239452 0.667205
3 0.238896 0.381692 0.014185 0.0164975 0.621617
4 0.439394 0.406915 0.0341369 0.0157931 0.59621
3 0.122472 0.39364 0.0198866 0.0217969 0.567257
1 0.519611 0.249129 0.00806655 0.21237 0.55637
3 0.620183 0.352604 0.0134636 0.01534 0.465188
3 0.535662 0.35907 0.0129869 0.0170318 0.460659
2 0.662557 0.347899 0.0121025 0.0147406 0.333394
3 0.239657 0.384899 0.0164609 0.021228 0.323819
3 0.237547 0.38321 0.0150805 0.0204403 0.316333
3 0.617609 0.351767 0.0142974 0.0177073 0.280373
2 0.246356 0.405828 0.0151454 0.0162496 0.253274
