0 0.536533 0.488122 0.0356642 0.0661559 0.886326
3 0.118732 0.438631 0.0249485 0.0341911 0.784092
3 0.832836 0.295597 0.0138859 0.0157573 0.768997
2 0.871568 0.359224 0.0146181 0.0199469 0.707562
1 0.723327 0.185033 0.0155684 0.213873 0.61013
3 0.735804 0.289628 0.0125233 0.0153427 0.603095
1 0.480771 0.17489 0.00704995 0.200822 0.58652
2 0.880216 0.29733 0.0129235 0.0168536 0.544956
3 0.665861 0.485317 0.0224383 0.0331065 0.517192
3 0.431234 0.469064 0.0196314 0.0279563 0.46737
2 0.741001 0.318427 0.0126269 0.0148817 0.330995
2 0.323372 0.327511 0.0154638 0.0201618 0.318697
1 0.724034 0.185923 0.010108 0.220062 0.313882
