0 0.492565 0.46956 0.0232527 0.041567 0.934379
4 0.514028 0.509435 0.0215891 0.018907 0.823203
2 0.475292 0.85083 0.0361465 0.0544844 0.811059
3 0.103465 0.557095 0.0203229 0.0215837 0.791257
1 0.654639 0.599904 0.0368786 0.788473 0.783057
1 0.82292 0.713542 0.05888 0.572917 0.767971
2 0.178684 0.752928 0.0246589 0.0358664 0.742817
1 0.486698 0.31628 0.00693572 0.175305 0.620462
1 0.277937 0.319747 0.0112585 0.182882 0.617779
3 0.420885 0.515453 0.0163792 0.0246803 0.489425
4 0.416387 0.427357 0.0213937 0.0132233 0.393122
3 0.135694 0.424366 0.0141585 0.016342 0.362752
2 0.635923 0.420268 0.0133852 0.0187096 0.328998
2 0.605855 0.513761 0.0154059 0.0255843 0.258578
