0 0.737396 0.890899 0.0758558 0.133412 0.94758
4 0.460849 0.510298 0.0566565 0.0425163 0.851606
1 0.183565 0.25994 0.0293974 0.341159 0.810865
2 0.171845 0.512244 0.0219169 0.0263933 0.801523
3 0.167883 0.440123 0.0217625 0.0260011 0.796939
2 0.884091 0.471424 0.0227696 0.0284381 0.779064
2 0.650074 0.428454 0.0207335 0.0243932 0.676452
3 0.700571 0.35991 0.017775 0.0201628 0.665378
1 0.569539 0.22609 0.0124742 0.306238 0.646482
3 0.587873 0.376327 0.0165619 0.0252874 0.56306
2 0.752802 0.351121 0.0165542 0.020632 0.534718
