0 0.557671 0.490283 0.0375717 0.0654395 0.93512
4 0.597597 0.557003 0.036441 0.0370035 0.842556
2 0.572963 0.379231 0.0149166 0.0199195 0.796812
2 0.0602706 0.397418 0.0169881 0.0210107 0.708063
2 0.108071 0.459509 0.0184494 0.0235808 0.692729
1 0.250422 0.264078 0.0147408 0.23903 0.65991
3 0.239055 0.38199 0.0141227 0.0164596 0.623987
4 0.438886 0.406922 0.0346322 0.0156854 0.581958
1 0.519658 0.248912 0.00814702 0.212602 0.568434
3 0.122556 0.393444 0.0200359 0.0219309 0.54308
3 0.620139 0.352533 0.0134087 0.0154247 0.473629
3 0.535851 0.359687 0.0131331 0.016836 0.448977
2 0.662164 0.348813 0.0113665 0.0141471 0.390227
3 0.239639 0.385006 0.0163915 0.021078 0.353689
3 0.237604 0.383546 0.0150866 0.0204007 0.287753
3 0.6175 0.351615 0.0142535 0.0177398 0.277674
