0 0.564992 0.641826 0.0347166 0.0615388 0.902732
4 0.602668 0.729167 0.0430571 0.0490176 0.844557
4 0.440298 0.472284 0.036512 0.0239132 0.785358
1 0.252177 0.307155 0.0177633 0.232538 0.770775
3 0.127375 0.447338 0.0189486 0.0211424 0.769632
2 0.571768 0.423143 0.0166376 0.0208023 0.755338
3 0.241968 0.4289 0.0177074 0.0199799 0.711608
2 0.11957 0.565104 0.0192577 0.0256753 0.689887
1 0.519823 0.27778 0.00890467 0.214159 0.651635
3 0.535791 0.385301 0.0141329 0.0182358 0.541931
2 0.067026 0.455603 0.0201433 0.0224464 0.516426
2 0.722335 0.450551 0.0171989 0.0272571 0.502631
2 0.253238 0.475338 0.0171314 0.0200628 0.488493
4 0.412176 0.574814 0.0221844 0.0288127 0.421002
3 0.6157 0.373876 0.0144058 0.0169308 0.383785
2 0.658862 0.365717 0.0138802 0.0186844 0.337924
