0 0.557729 0.490292 0.0374871 0.0653827 0.935043
4 0.597682 0.557075 0.0367825 0.036896 0.830098
2 0.572826 0.379291 0.0150353 0.0199823 0.803247
2 0.0605361 0.396989 0.0168171 0.0210607 0.69124
2 0.108081 0.459363 0.0184641 0.0236672 0.683973
1 0.250426 0.263704 0.0147645 0.239702 0.667867
3 0.238817 0.381621 0.0143445 0.0167985 0.621657
4 0.438648 0.4067 0.0347474 0.0155349 0.598038
3 0.12255 0.393551 0.0200927 0.0219568 0.55251
1 0.519783 0.249203 0.00805386 0.21205 0.551992
3 0.620392 0.352748 0.0135035 0.0151287 0.468042
3 0.535653 0.358913 0.0130005 0.0170869 0.465778
3 0.237494 0.383084 0.0150847 0.0205449 0.335291
3 0.239496 0.384766 0.0164951 0.0211783 0.333481
