2 0.706546 0.798184 0.0167912 0.0205901 0.861882
4 0.527491 0.737276 0.0273447 0.017896 0.781899
0 0.420834 0.914006 0.0231168 0.0439813 0.748536
3 0.209195 0.829158 0.0215845 0.0306638 0.697698
1 0.643972 0.627898 0.00857352 0.141953 0.654169
3 0.723016 0.717078 0.0168461 0.0174925 0.617535
2 0.640955 0.739575 0.013675 0.016214 0.510675
2 0.759119 0.726209 0.0152848 0.0193265 0.487034
2 0.444338 0.696277 0.0130763 0.019391 0.483907
1 0.475578 0.606939 0.00546073 0.138072 0.456381
3 0.409544 0.658376 0.0120217 0.0148506 0.452826
3 0.507764 0.914177 0.0154333 0.0198146 0.386384
3 0.729092 0.982953 0.0202015 0.0321244 0.381749
4 0.440794 0.894026 0.0155704 0.0219426 0.350019
3 0.41038 0.658757 0.0144575 0.01883 0.329067
2 0.639697 0.737697 0.0136302 0.0165494 0.314045
1 0.477309 0.60225 0.00907708 0.13587 0.307132
