4 0.23832 0.252522 0.0455252 0.0323456 0.863527
1 0.171576 0.0711586 0.0235496 0.139104 0.824157
3 0.616778 0.186282 0.0221432 0.0231682 0.778889
2 0.585753 0.345801 0.0220327 0.0277219 0.766737
3 0.0597746 0.129939 0.0193374 0.0241501 0.657202
1 0.474394 0.0865805 0.014846 0.173161 0.62862
2 0.463645 0.239366 0.0185672 0.0203513 0.590976
2 0.0962365 0.194895 0.0196681 0.021575 0.583578
3 0.492357 0.176084 0.0173649 0.0186748 0.56021
3 0.64446 0.859702 0.0370243 0.0531636 0.513661
2 0.680559 0.1946 0.0179508 0.0239833 0.49848
3 0.490316 0.172984 0.0137013 0.017724 0.473357
3 0.165601 0.140858 0.0154362 0.0154717 0.453264
1 0.47778 0.0899591 0.016366 0.173455 0.266659
