0 0.728716 0.956147 0.0733017 0.0841125 0.916845
4 0.456838 0.557828 0.0549126 0.0427617 0.827509
2 0.647409 0.468301 0.0204728 0.0251514 0.778224
2 0.88043 0.516477 0.024135 0.0315977 0.737269
2 0.16784 0.561073 0.0247317 0.0279595 0.736218
1 0.179942 0.302798 0.0298491 0.347305 0.72078
3 0.164203 0.481665 0.0208696 0.025472 0.714428
1 0.565145 0.264128 0.0156073 0.306023 0.69761
2 0.749292 0.384153 0.0164491 0.0209878 0.692847
3 0.586054 0.411823 0.0180405 0.0240245 0.539751
3 0.698738 0.3934 0.0186947 0.0216324 0.514672
