0 0.729811 0.952481 0.0737255 0.0914893 0.92858
4 0.457976 0.553859 0.0544045 0.0438098 0.824293
2 0.646821 0.465303 0.0203908 0.0256542 0.798951
2 0.881455 0.511735 0.0245025 0.0318441 0.790655
3 0.586144 0.408751 0.017222 0.0239516 0.771603
2 0.167749 0.55713 0.02367 0.0284029 0.754663
1 0.179895 0.297376 0.0294291 0.345751 0.727249
1 0.566137 0.25849 0.0160282 0.311028 0.689536
3 0.164893 0.479139 0.0222566 0.0277623 0.659318
2 0.749538 0.381378 0.0166301 0.0219536 0.6337
3 0.699772 0.389568 0.019917 0.0222971 0.288906
