0 0.498118 0.462737 0.0230267 0.0426963 0.932718
2 0.240692 0.680755 0.035107 0.0435199 0.814141
2 0.561085 0.738334 0.0268436 0.0486775 0.806957
1 0.796743 0.464502 0.0345398 0.854545 0.654887
1 0.262204 0.34242 0.00878628 0.185811 0.616835
3 0.164261 0.436101 0.0163675 0.0155539 0.606864
1 0.800663 0.416849 0.0308674 0.750839 0.522061
3 0.774168 0.901092 0.0299285 0.0368052 0.491489
1 0.469528 0.334067 0.00737542 0.177581 0.466818
3 0.614743 0.497548 0.0195965 0.0237179 0.466036
2 0.173436 0.463321 0.0141136 0.0161431 0.442898
1 0.994139 0.787233 0.0117216 0.425534 0.344405
3 0.113915 0.539295 0.0194713 0.0242053 0.31169
1 0.790569 0.674514 0.0411527 0.433123 0.301751
4 0.766832 0.626118 0.0229226 0.0284037 0.283547
2 0.116232 0.440002 0.0151605 0.0174196 0.268993
