2 0.706546 0.798197 0.0166563 0.0204538 0.865899
4 0.527623 0.737321 0.0275756 0.0181052 0.777455
0 0.420869 0.914137 0.0233154 0.0438456 0.732319
3 0.209192 0.829172 0.0214123 0.029895 0.692615
1 0.643769 0.627102 0.0090904 0.148356 0.670664
3 0.723044 0.717084 0.0167181 0.0174914 0.621374
2 0.759216 0.726127 0.0153182 0.0193535 0.508827
2 0.640887 0.739666 0.0136092 0.0161757 0.505103
2 0.44456 0.696253 0.013154 0.0192584 0.500746
3 0.409792 0.658262 0.0120409 0.0149648 0.487016
1 0.475552 0.606873 0.00545505 0.138077 0.453081
4 0.441021 0.894077 0.0160389 0.022206 0.410245
3 0.729017 0.982971 0.0201764 0.0322995 0.39086
3 0.507779 0.914385 0.0154293 0.0199827 0.364775
2 0.639718 0.737729 0.0134157 0.016452 0.306693
1 0.477298 0.601828 0.00912076 0.135572 0.306329
