4 0.233938 0.401181 0.0434214 0.0237386 0.82132
3 0.649614 0.836821 0.0284649 0.0506773 0.820663
2 0.572468 0.462932 0.0226117 0.0242993 0.788476
2 0.65934 0.358607 0.0166641 0.02183 0.780933
2 0.0957967 0.362298 0.0195676 0.0222858 0.760851
3 0.597549 0.354136 0.0199335 0.0244835 0.73946
1 0.16615 0.197456 0.0208555 0.251974 0.727481
3 0.0558486 0.31941 0.0179967 0.019231 0.616232
1 0.458994 0.207034 0.0116438 0.270691 0.540079
2 0.451662 0.392846 0.0179993 0.0209159 0.325097
3 0.477062 0.348951 0.0175441 0.0215532 0.292003
