0 0.553504 0.490694 0.0353735 0.0635153 0.935195
4 0.591081 0.555285 0.0351441 0.0364376 0.836887
2 0.569459 0.380798 0.0153119 0.0183938 0.786175
2 0.0659393 0.398829 0.0158456 0.0197139 0.711116
1 0.252161 0.267189 0.0151613 0.233183 0.703191
2 0.114165 0.459335 0.0185439 0.0230571 0.679145
3 0.240538 0.383362 0.0141395 0.0164462 0.63569
3 0.534919 0.360924 0.0137839 0.0165765 0.594008
3 0.126594 0.395256 0.0198556 0.0197771 0.559507
4 0.436577 0.407776 0.0343186 0.0160595 0.539434
1 0.516932 0.25196 0.00784549 0.210601 0.527944
3 0.617614 0.354055 0.0114451 0.0143645 0.526389
2 0.659017 0.350595 0.0132927 0.0141368 0.422248
3 0.240179 0.385192 0.0179799 0.0203077 0.399689
