0 0.73747 0.863407 0.0760459 0.13015 0.946032
4 0.460941 0.496449 0.0577424 0.0393459 0.86488
3 0.16857 0.427242 0.0204827 0.0248138 0.829085
1 0.18355 0.24991 0.0285129 0.349816 0.788558
2 0.884387 0.457705 0.021846 0.0282147 0.751192
2 0.649789 0.417445 0.0208247 0.0239075 0.676011
1 0.569775 0.214407 0.0127466 0.313518 0.638966
2 0.172633 0.498591 0.0206221 0.0264962 0.55594
2 0.753465 0.342635 0.0174828 0.0205281 0.549027
3 0.589592 0.366871 0.0181911 0.0245668 0.484822
3 0.70198 0.350231 0.0185146 0.0192218 0.460831
