0 0.529723 0.489502 0.0343388 0.063184 0.929121
3 0.114001 0.439141 0.0260982 0.0319304 0.811442
3 0.828696 0.296031 0.0159298 0.015406 0.738669
2 0.866197 0.362569 0.0165767 0.0191428 0.684617
1 0.72073 0.184125 0.0155563 0.212723 0.671799
3 0.732861 0.292492 0.0137386 0.0146326 0.649352
4 0.406125 0.946733 0.0566543 0.10207 0.591996
2 0.320474 0.327992 0.0162329 0.019345 0.461561
1 0.477936 0.178262 0.00805684 0.200442 0.435572
1 0.476781 0.183253 0.00625152 0.193849 0.418674
2 0.875863 0.298091 0.0142643 0.0177626 0.372019
3 0.383749 0.331874 0.0183767 0.0185682 0.251807
