0 0.553487 0.490696 0.0353647 0.0634725 0.935486
4 0.591085 0.555335 0.0351341 0.0365393 0.83664
2 0.569465 0.3808 0.0152448 0.0183516 0.781854
2 0.0659392 0.398839 0.0158901 0.0197366 0.710551
1 0.25215 0.267183 0.0151827 0.233194 0.703822
2 0.114168 0.459333 0.0185697 0.023103 0.680097
3 0.240544 0.38337 0.0141697 0.0164512 0.638016
3 0.534927 0.360923 0.0138191 0.0166147 0.600977
3 0.126606 0.395253 0.0199139 0.0197856 0.561522
4 0.43658 0.407794 0.0344949 0.0161227 0.532959
3 0.617638 0.354003 0.0114247 0.0143577 0.530051
1 0.516939 0.251917 0.00786515 0.210602 0.527308
3 0.240184 0.385208 0.0180014 0.0203019 0.400174
2 0.659047 0.350421 0.0135098 0.0143961 0.39534
