0 0.557677 0.490272 0.0376015 0.0655294 0.93885
4 0.597768 0.557151 0.0368835 0.0366463 0.83089
2 0.572876 0.379514 0.0151327 0.0200849 0.788601
2 0.0603485 0.397036 0.0169287 0.0210158 0.706576
2 0.108291 0.459425 0.0184859 0.0235761 0.679797
1 0.250412 0.26368 0.0148029 0.239705 0.671596
3 0.238714 0.381813 0.0144516 0.0170018 0.627147
1 0.519762 0.249262 0.00802338 0.21227 0.552102
3 0.122621 0.393388 0.0203702 0.0221815 0.542153
4 0.437911 0.406649 0.0356042 0.0153846 0.526493
3 0.536062 0.359351 0.0131937 0.0172893 0.452904
3 0.619715 0.35242 0.013381 0.0156704 0.423539
3 0.239316 0.384769 0.0165343 0.0211457 0.331372
3 0.617256 0.351395 0.0142369 0.0176199 0.288842
