0 0.553581 0.490707 0.0354336 0.0637478 0.937807
4 0.591368 0.555405 0.0352367 0.0362466 0.824574
2 0.569587 0.380655 0.0151621 0.0182958 0.800398
4 0.389399 0.492441 0.0226892 0.0268943 0.75363
1 0.251953 0.267352 0.0153337 0.232647 0.715237
2 0.0663462 0.398593 0.0158399 0.0192391 0.714996
2 0.113961 0.459468 0.0181852 0.022699 0.660746
3 0.240453 0.383194 0.0140742 0.0164037 0.656628
3 0.535013 0.361113 0.013511 0.0164612 0.595828
3 0.126555 0.395421 0.0192692 0.0194216 0.540199
3 0.618043 0.354132 0.0115629 0.014351 0.528168
1 0.51695 0.251886 0.00754673 0.207662 0.527789
4 0.436127 0.407719 0.0350197 0.0160775 0.416146
2 0.659393 0.350383 0.0134089 0.0148213 0.384119
3 0.240045 0.384931 0.0179098 0.0201622 0.382264
