0 0.493492 0.481917 0.0245342 0.0429679 0.916374
2 0.481338 0.956261 0.0417471 0.0645831 0.87182
4 0.514685 0.52635 0.0217818 0.020533 0.8121
1 0.663413 0.71771 0.0360344 0.564579 0.778786
4 0.418694 0.420533 0.0191195 0.0137672 0.697589
1 0.276871 0.306518 0.0118931 0.185502 0.671313
3 0.106241 0.584768 0.01991 0.0214689 0.653401
1 0.834681 0.844794 0.0595952 0.310413 0.521316
1 0.486068 0.29777 0.00614626 0.172262 0.497708
2 0.523376 0.397551 0.0122645 0.0143078 0.494923
3 0.268561 0.404132 0.0123161 0.0149307 0.477504
3 0.181192 0.407883 0.0125708 0.0150347 0.457594
2 0.182397 0.460856 0.014356 0.0185047 0.434459
2 0.187206 0.832467 0.0238495 0.0390798 0.422469
3 0.187296 0.837478 0.024376 0.0457997 0.41464
1 0.276616 0.301239 0.00787945 0.187336 0.385104
