0 0.553532 0.490741 0.0353481 0.0635763 0.93645
4 0.591163 0.555449 0.0350914 0.0360861 0.837011
2 0.569485 0.380838 0.0152287 0.018512 0.789298
2 0.0661468 0.398777 0.0159718 0.0198064 0.71495
1 0.252178 0.267202 0.0150572 0.233067 0.700531
2 0.114195 0.459336 0.0184924 0.022906 0.674464
3 0.24058 0.383206 0.0140386 0.0164708 0.640123
3 0.534625 0.360857 0.013622 0.0165279 0.622577
3 0.126487 0.395362 0.0197324 0.0199131 0.582475
4 0.436601 0.407744 0.0342484 0.0162397 0.539147
3 0.617886 0.354061 0.0116007 0.0145776 0.536399
1 0.516838 0.251626 0.00769235 0.211219 0.527575
2 0.659131 0.349951 0.0131483 0.0139276 0.420805
3 0.240261 0.38501 0.0179636 0.020336 0.386123
