0 0.555385 0.503082 0.0347932 0.063842 0.915859
4 0.593085 0.574016 0.036317 0.0393626 0.821503
4 0.43456 0.402806 0.0304806 0.0190238 0.817852
2 0.113501 0.463287 0.018876 0.0225162 0.757132
1 0.249598 0.253941 0.0164907 0.235143 0.662369
3 0.124716 0.38707 0.0200449 0.0207099 0.592216
2 0.0643212 0.391378 0.0176541 0.0213311 0.5648
3 0.616274 0.338728 0.0122448 0.0157761 0.54879
2 0.248032 0.405189 0.0143142 0.0167961 0.51784
1 0.514987 0.238485 0.00872783 0.219891 0.502663
2 0.655986 0.333655 0.0123556 0.0146421 0.470125
2 0.567484 0.37174 0.0170233 0.019501 0.465407
2 0.062396 0.393891 0.0184469 0.0234268 0.333034
4 0.405742 0.439638 0.0225135 0.0199744 0.312689
3 0.61009 0.338938 0.0134746 0.0170129 0.27753
