0 0.553981 0.494728 0.0348003 0.0654124 0.954035
2 0.569684 0.376286 0.0149912 0.0175375 0.802861
4 0.592664 0.561281 0.0352888 0.0372047 0.788067
3 0.240088 0.380096 0.0145513 0.0176543 0.721066
2 0.0647681 0.396545 0.0173831 0.0209847 0.71076
4 0.434837 0.405846 0.032702 0.0159062 0.700767
2 0.113423 0.460338 0.0178745 0.0227328 0.688384
1 0.250866 0.263395 0.0150108 0.236677 0.671389
3 0.532696 0.354293 0.0143074 0.0165647 0.588491
1 0.514905 0.247497 0.00839664 0.216542 0.456677
3 0.616447 0.348514 0.0137133 0.0174879 0.402165
4 0.405583 0.438972 0.0232021 0.0197414 0.340929
3 0.994601 0.489916 0.0107988 0.0380652 0.307389
3 0.240744 0.383713 0.0177156 0.0227425 0.296149
