0 0.571514 0.494732 0.0361205 0.0691713 0.917656
3 0.954671 0.314647 0.0180782 0.0191211 0.830088
4 0.675874 0.332455 0.0307066 0.0171438 0.8118
3 0.48168 0.268468 0.0141655 0.0172486 0.715074
3 0.199694 0.412329 0.0292611 0.0390339 0.713237
1 0.581654 0.172379 0.0095873 0.201469 0.709621
2 0.982543 0.387356 0.0182877 0.0229963 0.696365
1 0.835574 0.190033 0.0205803 0.22932 0.668153
2 0.542872 0.297726 0.0136989 0.0183354 0.582934
2 0.847097 0.329436 0.0131004 0.01901 0.332841
3 0.847288 0.310814 0.0151607 0.0254419 0.297471
4 0.340613 0.945808 0.0776084 0.101383 0.256656
