0 0.493409 0.486144 0.0251295 0.0461909 0.920839
4 0.514141 0.532917 0.0205234 0.0224459 0.877683
3 0.106922 0.599852 0.0188138 0.0212688 0.810326
1 0.663375 0.764237 0.0364607 0.469571 0.800507
3 0.180114 0.404138 0.0124862 0.0154582 0.766471
2 0.63525 0.408152 0.0162909 0.020045 0.70917
2 0.188671 0.864995 0.025182 0.034413 0.695012
1 0.276826 0.300584 0.0119261 0.182069 0.663238
4 0.41731 0.419517 0.0272144 0.013752 0.560761
2 0.182646 0.461168 0.0142087 0.0184178 0.558621
4 0.36365 0.447734 0.0219048 0.0187695 0.519699
2 0.477757 0.985998 0.0294945 0.0280035 0.483501
1 0.485825 0.288273 0.00709269 0.173907 0.481813
1 0.276311 0.293446 0.00781832 0.18162 0.434636
3 0.134942 0.407655 0.0145195 0.0150495 0.399039
3 0.268312 0.394893 0.0148367 0.0167581 0.391757
2 0.27665 0.418738 0.014963 0.0146095 0.375434
3 0.596339 0.381224 0.0181242 0.0220181 0.300353
