0 0.497904 0.46273 0.0227032 0.043019 0.940316
2 0.240683 0.680654 0.0350823 0.0434929 0.810774
2 0.561357 0.738561 0.0270752 0.04912 0.810523
1 0.796788 0.465139 0.0342301 0.854161 0.660466
1 0.262292 0.341782 0.00876981 0.186718 0.623454
3 0.16448 0.436339 0.0164389 0.0155898 0.607914
1 0.800598 0.415327 0.0308169 0.746487 0.498665
3 0.774591 0.901033 0.0305246 0.037156 0.480941
1 0.469384 0.33397 0.00745965 0.177872 0.469082
2 0.17335 0.463452 0.0141166 0.01606 0.456454
3 0.614318 0.497749 0.0188623 0.0238611 0.390366
4 0.767042 0.626042 0.0231833 0.0288069 0.378659
1 0.790082 0.677448 0.0389926 0.424151 0.337286
3 0.113668 0.538963 0.0190619 0.0245 0.33599
1 0.994363 0.786743 0.011274 0.426515 0.32551
2 0.614556 0.500986 0.0186394 0.025291 0.297784
2 0.116326 0.439844 0.0153412 0.0175618 0.27266
