0 0.728724 0.956156 0.0733473 0.0841 0.919512
4 0.456819 0.557873 0.0549975 0.0425538 0.833151
2 0.647347 0.468267 0.0207199 0.0247166 0.776698
2 0.880483 0.516424 0.0244823 0.0313994 0.737449
2 0.167714 0.560968 0.0247217 0.0275619 0.733907
3 0.164185 0.481724 0.0210429 0.0254468 0.719521
1 0.180012 0.303011 0.0298815 0.347341 0.718886
1 0.565023 0.26462 0.0155521 0.30469 0.697549
2 0.749417 0.38411 0.0164904 0.0210547 0.669288
3 0.586535 0.4119 0.0179041 0.0238723 0.528352
3 0.698688 0.393327 0.0184366 0.0217439 0.51797
