0 0.536627 0.488294 0.0357828 0.0666611 0.885773
3 0.118816 0.438705 0.0249144 0.0341481 0.779137
3 0.832834 0.29568 0.0139503 0.0158452 0.758341
2 0.871676 0.359299 0.0146499 0.020071 0.705721
1 0.72324 0.184919 0.0155568 0.213282 0.606127
3 0.735788 0.289474 0.0125308 0.0152671 0.597576
1 0.480724 0.174651 0.00701199 0.201207 0.588081
3 0.666015 0.485231 0.0224731 0.0328008 0.574797
2 0.880502 0.297518 0.0129658 0.0170503 0.523355
3 0.431329 0.468958 0.0192885 0.0275182 0.49503
2 0.323334 0.327668 0.0152113 0.0197784 0.356268
2 0.741003 0.318418 0.0126571 0.0148392 0.339392
1 0.723979 0.186048 0.0100899 0.219681 0.305426
