0 0.497974 0.462615 0.0227345 0.0430467 0.934341
2 0.561237 0.738406 0.0269206 0.0489079 0.813926
2 0.240669 0.680825 0.0353747 0.0437158 0.812683
1 0.79669 0.463926 0.0345652 0.853415 0.659708
1 0.262105 0.342209 0.00872487 0.1863 0.61851
3 0.164457 0.436242 0.0162231 0.0153694 0.562681
1 0.800576 0.414538 0.0309219 0.74582 0.524044
1 0.469457 0.334 0.0073947 0.177812 0.472074
3 0.774288 0.901142 0.0298983 0.0370444 0.451582
3 0.614512 0.497339 0.0192013 0.0235623 0.425452
2 0.173568 0.463402 0.0142856 0.0162146 0.421114
4 0.767159 0.625908 0.0229104 0.0286424 0.370978
1 0.994071 0.793604 0.0118572 0.412793 0.348737
1 0.790205 0.671669 0.0389309 0.433341 0.334146
3 0.113795 0.539338 0.0192486 0.0242296 0.32275
2 0.116152 0.439963 0.0151473 0.0174598 0.314233
2 0.614717 0.50094 0.0188833 0.02533 0.254172
