0 0.577926 0.497012 0.0360536 0.068373 0.935714
4 0.333512 0.947824 0.0802318 0.0934229 0.800404
4 0.68991 0.334136 0.0314037 0.0193927 0.748435
3 0.212821 0.408771 0.0304388 0.0375729 0.707526
3 0.978207 0.320566 0.0195124 0.0195652 0.700854
1 0.856761 0.191056 0.023201 0.228879 0.697036
2 0.558852 0.298135 0.0146372 0.0185592 0.654201
3 0.498817 0.26874 0.0143106 0.0172251 0.589921
3 0.866983 0.307257 0.0143986 0.0181835 0.475834
3 0.867843 0.309897 0.0154827 0.0216291 0.422503
2 0.865704 0.335746 0.0130249 0.0154354 0.393362
