0 0.597777 0.505925 0.0397171 0.0698653 0.884154
4 0.28967 0.933334 0.0840553 0.100899 0.880054
3 0.258248 0.398904 0.0284605 0.0357227 0.751551
2 0.934699 0.352755 0.0150486 0.0176249 0.751217
1 0.931744 0.20111 0.0249716 0.23675 0.749325
4 0.631069 0.495211 0.025135 0.0325965 0.699142
3 0.56116 0.269979 0.0145012 0.0181266 0.679786
4 0.746668 0.343329 0.0314747 0.0188047 0.639589
2 0.615999 0.303511 0.0167132 0.0202586 0.625312
1 0.661266 0.178434 0.0105217 0.207255 0.590195
2 0.934563 0.349727 0.0176472 0.0197596 0.452477
2 0.522999 0.264017 0.0146225 0.0171605 0.447067
2 0.495592 0.310751 0.0149473 0.0220487 0.359069
