0 0.293906 0.680518 0.0542327 0.0878626 0.917728
4 0.339784 0.637363 0.0402695 0.0502995 0.883814
3 0.666326 0.336402 0.0150538 0.0192802 0.718528
4 0.474769 0.387547 0.043983 0.0226202 0.711104
2 0.838855 0.348636 0.0155789 0.0190273 0.678222
2 0.213831 0.310115 0.0146222 0.0163198 0.676506
3 0.357778 0.318667 0.0152633 0.0189782 0.668945
2 0.323298 0.352667 0.0162747 0.0188286 0.668419
3 0.260254 0.314933 0.0167154 0.0184752 0.662022
2 0.813167 0.442441 0.019984 0.0234501 0.660771
1 0.651877 0.209545 0.0144042 0.251013 0.6561
1 0.370315 0.202631 0.0113702 0.230761 0.613414
3 0.780147 0.345958 0.0203325 0.0211576 0.507021
2 0.665228 0.376312 0.0137382 0.0170574 0.50248
