3 0.649776 0.837051 0.0287487 0.050988 0.830893
4 0.234071 0.401246 0.0437118 0.0238103 0.82515
2 0.5726 0.463215 0.0222136 0.0241895 0.788762
2 0.65942 0.358708 0.0165526 0.0218337 0.781466
2 0.095898 0.362391 0.0194842 0.0220877 0.756527
3 0.597549 0.354203 0.0196074 0.0244269 0.734506
1 0.166098 0.197064 0.020847 0.253049 0.72425
3 0.0560586 0.319286 0.0178011 0.0190848 0.591886
1 0.458944 0.207144 0.0117388 0.27023 0.551535
2 0.451695 0.392892 0.0180018 0.0208997 0.33842
3 0.477274 0.348936 0.0175037 0.0215551 0.273288
