0 0.77257 0.900379 0.0731102 0.125598 0.9682
2 0.796824 0.526797 0.0224919 0.0302713 0.828424
4 0.413962 0.594005 0.0515935 0.0412795 0.821853
2 0.103647 0.623391 0.0242279 0.0265971 0.760064
3 0.0834156 0.554691 0.0239741 0.0295368 0.726402
2 0.578663 0.504125 0.0214952 0.0246243 0.72008
1 0.100805 0.365074 0.0283611 0.36851 0.70958
3 0.509957 0.462465 0.0167381 0.0210485 0.696863
2 0.65637 0.429755 0.0159802 0.0180306 0.594761
1 0.486352 0.317457 0.0114586 0.295602 0.593098
3 0.610791 0.439708 0.0171318 0.0184933 0.446973
2 0.657863 0.430608 0.0144421 0.0150125 0.271094
