2 0.706545 0.798197 0.0166591 0.0204588 0.866006
4 0.527622 0.73732 0.0275719 0.0181049 0.777661
0 0.420867 0.914139 0.0233205 0.0438569 0.732757
3 0.209197 0.829164 0.0213986 0.029934 0.691751
1 0.643769 0.627097 0.00909165 0.148373 0.670807
3 0.723045 0.717085 0.0167185 0.0174944 0.62149
2 0.759216 0.726128 0.0153196 0.0193554 0.508623
2 0.640886 0.739668 0.0136099 0.0161797 0.504637
2 0.444566 0.696261 0.0131676 0.0192784 0.502587
3 0.409751 0.658194 0.0120419 0.0146642 0.483731
1 0.47555 0.606917 0.0054516 0.138129 0.453947
4 0.44102 0.894075 0.0160452 0.0222113 0.410199
3 0.729015 0.98297 0.0201815 0.0323029 0.390558
3 0.507778 0.914387 0.0154318 0.0199807 0.363044
1 0.477295 0.601841 0.00912421 0.135576 0.307455
2 0.639719 0.737728 0.0134182 0.0164575 0.306979
