0 0.734932 0.953934 0.0756088 0.0854373 0.923387
4 0.455667 0.556716 0.05444 0.0426864 0.794688
2 0.877873 0.513245 0.0229328 0.0325174 0.781284
2 0.645538 0.467224 0.0204584 0.0243945 0.777413
2 0.747292 0.382997 0.0159003 0.0210379 0.74526
1 0.177014 0.301348 0.0288981 0.348593 0.740756
3 0.583308 0.411123 0.0177813 0.0243182 0.711797
3 0.162225 0.484262 0.0199396 0.0279434 0.709452
2 0.166705 0.562172 0.0236916 0.0274866 0.697063
1 0.56256 0.26134 0.014279 0.307353 0.680895
3 0.697724 0.39333 0.0184421 0.0212475 0.574365
