4 0.733003 0.540296 0.0430059 0.0392114 0.953837
4 0.169252 0.869278 0.0948913 0.0857882 0.924719
0 0.670644 0.548988 0.0434 0.080003 0.922533
2 0.112888 0.50546 0.0245774 0.0332262 0.816892
2 0.68596 0.320531 0.0154545 0.0198832 0.688148
3 0.429798 0.369785 0.0284077 0.0272395 0.65015
3 0.804622 0.277934 0.0165745 0.0208536 0.534487
4 0.981604 0.393593 0.0330021 0.0224581 0.499132
1 0.925998 0.186943 0.02342 0.236246 0.457664
2 0.76675 0.26733 0.0140848 0.0164289 0.446316
2 0.845718 0.3237 0.0171333 0.0240734 0.437246
2 0.765381 0.266831 0.015152 0.0204311 0.356451
