0 0.493504 0.481934 0.0246458 0.0431603 0.924461
2 0.481315 0.956269 0.0418854 0.0648489 0.871534
4 0.515012 0.526138 0.0219731 0.020938 0.797074
1 0.663431 0.717825 0.0362559 0.564351 0.778664
4 0.418517 0.420302 0.0202736 0.0134983 0.683364
1 0.276861 0.306527 0.0118478 0.185626 0.669571
3 0.10605 0.584724 0.0199653 0.021447 0.660822
4 0.363106 0.447673 0.0235777 0.0179976 0.540257
1 0.486197 0.297597 0.00620635 0.172289 0.529376
1 0.834747 0.844927 0.0592701 0.310146 0.511843
3 0.268323 0.404052 0.0121817 0.0147285 0.507456
3 0.181199 0.407763 0.012464 0.0149008 0.446423
2 0.182413 0.460799 0.0143926 0.018457 0.430051
2 0.523443 0.397546 0.0122565 0.014377 0.429256
3 0.18729 0.837379 0.0245505 0.0462051 0.420409
2 0.187196 0.832109 0.0238898 0.0389683 0.403012
1 0.276608 0.301265 0.00784069 0.187508 0.391246
3 0.496924 0.381214 0.0108595 0.0123997 0.270849
