4 0.312331 0.955107 0.0849832 0.0869255 0.934367
0 0.482048 0.498616 0.0370735 0.0665974 0.921883
4 0.554049 0.332092 0.0287764 0.0158603 0.755156
3 0.0757956 0.445534 0.023578 0.0344814 0.718139
1 0.695044 0.187487 0.0125223 0.207294 0.677153
3 0.707021 0.294189 0.0118182 0.0133593 0.611176
1 0.453252 0.184818 0.00818329 0.205136 0.52463
2 0.419686 0.308872 0.0131796 0.0154999 0.499905
2 0.291592 0.334287 0.0158953 0.0188572 0.471889
1 0.692684 0.191863 0.0147213 0.218868 0.450794
2 0.834282 0.36658 0.0172291 0.0204534 0.437373
3 0.384922 0.475993 0.0216569 0.0284801 0.281454
