0 0.293904 0.680546 0.0542216 0.0879476 0.917911
4 0.339806 0.637344 0.0402766 0.0503257 0.884075
3 0.666338 0.336417 0.0150566 0.019291 0.718859
4 0.474837 0.387492 0.0440235 0.0225884 0.709934
2 0.838818 0.348697 0.0156334 0.0190927 0.675469
3 0.357779 0.318722 0.0152909 0.0190783 0.674843
2 0.213879 0.310166 0.014564 0.0162913 0.671776
2 0.323303 0.352667 0.0162822 0.0188254 0.663949
3 0.260262 0.314934 0.0167343 0.0185326 0.663372
2 0.813169 0.442443 0.0199779 0.0234673 0.660953
1 0.651874 0.209515 0.0143988 0.250992 0.654937
1 0.370306 0.202619 0.0113942 0.230829 0.612356
3 0.780146 0.345957 0.0203297 0.0211828 0.506174
2 0.665236 0.3763 0.0137369 0.0170663 0.502109
