0 0.536624 0.488276 0.035804 0.0659625 0.886275
3 0.118775 0.4387 0.0250722 0.034101 0.78156
3 0.832822 0.295707 0.0139608 0.0157862 0.762615
2 0.871699 0.359289 0.0145813 0.0200492 0.699081
1 0.723253 0.185093 0.0154496 0.213693 0.614158
3 0.735835 0.289543 0.0125782 0.0154752 0.611075
1 0.480734 0.174663 0.00697572 0.201523 0.593963
2 0.880587 0.297539 0.0129768 0.0169307 0.535794
3 0.665851 0.485216 0.022405 0.0330979 0.532184
3 0.431311 0.468878 0.019714 0.0279053 0.490717
2 0.323153 0.327822 0.0154298 0.0197763 0.39357
1 0.723997 0.186296 0.0101031 0.219305 0.304564
2 0.740972 0.318416 0.0126053 0.0148232 0.30311
