0 0.536522 0.488202 0.0356365 0.0663333 0.888412
3 0.118795 0.438403 0.0250934 0.0342556 0.786329
3 0.832803 0.295681 0.0139587 0.015867 0.758875
2 0.871728 0.359338 0.0146149 0.0200204 0.703559
1 0.723353 0.184827 0.0155412 0.213648 0.615759
3 0.735807 0.28944 0.0125943 0.015397 0.605901
1 0.480825 0.174578 0.00700455 0.201264 0.594089
3 0.66594 0.485177 0.0223456 0.0328881 0.549689
2 0.880427 0.297446 0.0130356 0.0168996 0.540992
3 0.431321 0.468989 0.0199223 0.0283043 0.504385
2 0.323322 0.327616 0.0153366 0.0196678 0.357543
1 0.72405 0.185823 0.0100918 0.219932 0.318187
2 0.741102 0.318474 0.0126304 0.014838 0.303934
