0 0.360156 0.614236 0.0534088 0.0878511 0.908213
4 0.50806 0.354872 0.0415132 0.0236268 0.865829
3 0.811679 0.315674 0.016906 0.018805 0.735107
4 0.39916 0.579754 0.0368406 0.0465154 0.714006
1 0.681565 0.183541 0.0181258 0.251647 0.701812
2 0.867998 0.317924 0.0162896 0.0186724 0.698612
2 0.852108 0.401873 0.0214966 0.0239453 0.680889
3 0.696669 0.309141 0.0153675 0.0188673 0.675865
3 0.28544 0.289078 0.0185849 0.0216943 0.654931
1 0.397983 0.172613 0.0134744 0.230497 0.566711
2 0.242657 0.284911 0.0151481 0.0191486 0.518306
2 0.353882 0.321796 0.0192765 0.020187 0.380652
3 0.384879 0.29325 0.0136195 0.0177812 0.375981
