0 0.539392 0.4876 0.0357775 0.0659566 0.829326
2 0.880553 0.359049 0.0168777 0.019833 0.787752
3 0.843607 0.294365 0.0155598 0.0158762 0.783981
3 0.127843 0.433577 0.0270851 0.0359615 0.746005
4 0.406553 0.945709 0.082267 0.106295 0.674817
1 0.733703 0.180345 0.0177434 0.212217 0.63579
3 0.671579 0.486425 0.022727 0.0363892 0.601428
3 0.746015 0.289887 0.0141701 0.0152118 0.545188
2 0.458816 0.297413 0.0130323 0.0165105 0.519137
2 0.331445 0.321686 0.0150733 0.019587 0.474406
1 0.489352 0.171892 0.00733245 0.199899 0.460588
4 0.595664 0.320749 0.0324132 0.0171854 0.403002
2 0.892925 0.296344 0.0146294 0.0176082 0.376254
1 0.490748 0.170911 0.00781442 0.202208 0.344057
2 0.750725 0.314431 0.0141208 0.0156243 0.295943
2 0.458457 0.299736 0.0126669 0.0139988 0.267757
3 0.365384 0.248009 0.0137027 0.01581 0.254216
