0 0.536535 0.48812 0.0356596 0.0661535 0.88599
3 0.118728 0.438629 0.0249322 0.0341509 0.784755
3 0.832837 0.295595 0.0138908 0.0157611 0.768625
2 0.871568 0.359225 0.0146191 0.019968 0.708405
1 0.723328 0.185034 0.0155732 0.213876 0.610157
3 0.735806 0.289628 0.0125283 0.0153482 0.602443
1 0.480778 0.174873 0.00704936 0.200819 0.585529
2 0.880215 0.297334 0.0129287 0.0168619 0.545304
3 0.665858 0.485322 0.022459 0.0331271 0.516382
3 0.431223 0.469068 0.0196766 0.028063 0.491948
2 0.741002 0.318429 0.012632 0.0148872 0.331061
2 0.323291 0.327655 0.0153607 0.0198152 0.329062
1 0.724033 0.185934 0.0101191 0.220063 0.313435
