0 0.535281 0.488321 0.0363426 0.0661432 0.903582
3 0.117452 0.438283 0.0257393 0.0335793 0.800593
3 0.832229 0.295434 0.0137768 0.0157386 0.768493
2 0.871028 0.359537 0.0149052 0.0199507 0.735605
1 0.722916 0.184355 0.0146344 0.215387 0.659431
3 0.735712 0.290546 0.0128105 0.0154405 0.626356
1 0.480025 0.175182 0.0077897 0.199829 0.60897
2 0.879056 0.297152 0.0128953 0.0168416 0.548075
3 0.430158 0.468494 0.020187 0.0277838 0.52927
2 0.322829 0.327532 0.0154975 0.0195188 0.349617
2 0.740052 0.317477 0.0130751 0.0150343 0.332876
1 0.719354 0.186161 0.00958691 0.212334 0.255752
