0 0.557745 0.490285 0.0375935 0.0654002 0.935445
4 0.597639 0.557026 0.0363234 0.0366256 0.834355
2 0.572865 0.379275 0.0148096 0.0198595 0.807255
2 0.0606308 0.39684 0.0166867 0.0209191 0.688329
2 0.108111 0.459396 0.0185658 0.023607 0.684314
1 0.250422 0.263781 0.014678 0.239441 0.667663
3 0.238898 0.381691 0.0141819 0.016478 0.621249
4 0.439385 0.406915 0.034181 0.0157731 0.595565
3 0.122473 0.393643 0.0198853 0.02179 0.567647
1 0.519609 0.249141 0.0080575 0.212386 0.554678
3 0.620142 0.35261 0.0134365 0.0153263 0.465222
3 0.535664 0.359057 0.0129793 0.0170187 0.45902
2 0.662362 0.347597 0.0117598 0.0147945 0.323901
3 0.23966 0.384904 0.0164539 0.021191 0.322977
3 0.237546 0.383207 0.0150764 0.0204156 0.315774
3 0.617591 0.351758 0.014263 0.0177154 0.278549
2 0.246359 0.405835 0.015145 0.0162294 0.25367
