0 0.536543 0.488241 0.0356014 0.0661941 0.889672
3 0.118792 0.438626 0.025034 0.0341425 0.783389
3 0.832829 0.295713 0.0140169 0.0158134 0.756975
2 0.871648 0.359208 0.0146755 0.0200522 0.701314
1 0.723229 0.18473 0.0156456 0.213895 0.623336
3 0.735766 0.289485 0.0125527 0.0153929 0.614856
1 0.480778 0.174758 0.00697431 0.201052 0.588039
2 0.880338 0.297434 0.01292 0.0168789 0.531242
3 0.665855 0.48534 0.022125 0.0326849 0.515523
3 0.431221 0.469068 0.0198281 0.0281544 0.503694
2 0.323297 0.327587 0.0151886 0.0197385 0.314847
2 0.741087 0.318392 0.0125803 0.0147754 0.309944
1 0.723969 0.185918 0.0101235 0.219676 0.298724
