0 0.492577 0.469469 0.0232435 0.0418818 0.932089
4 0.514047 0.509444 0.0216076 0.0187945 0.856807
3 0.103725 0.556586 0.0203294 0.0218446 0.808992
2 0.475154 0.850874 0.0362068 0.0545304 0.803899
1 0.654764 0.594643 0.0363744 0.796007 0.77766
1 0.822973 0.713516 0.0573799 0.572967 0.772336
2 0.17855 0.752639 0.0242024 0.0355146 0.746326
1 0.486648 0.317263 0.00712748 0.173387 0.641744
1 0.277846 0.319267 0.0113135 0.183386 0.609988
3 0.420618 0.515348 0.0163778 0.0249331 0.491208
4 0.41679 0.427291 0.0196316 0.0127083 0.460448
3 0.135794 0.424243 0.0142859 0.0164036 0.394749
2 0.635752 0.420517 0.0130053 0.0179326 0.358091
