0 0.536629 0.488297 0.0357805 0.0666766 0.885897
3 0.118728 0.438635 0.0250225 0.0341747 0.780918
3 0.832843 0.29567 0.0139474 0.0158437 0.757957
2 0.871656 0.359291 0.0146637 0.0201132 0.707285
1 0.723297 0.184783 0.0156214 0.21363 0.605382
3 0.735803 0.289475 0.0125385 0.0152703 0.594864
1 0.480719 0.174701 0.00700228 0.201163 0.589527
3 0.665997 0.485236 0.0225343 0.0329329 0.574882
2 0.8805 0.297508 0.0129449 0.017027 0.520447
3 0.431309 0.468963 0.0193596 0.027671 0.497161
2 0.32322 0.327746 0.0152316 0.0198568 0.394056
2 0.740996 0.318419 0.0126614 0.0148636 0.341384
1 0.724014 0.186015 0.0100921 0.219661 0.31321
