0 0.493489 0.481889 0.0245359 0.0429421 0.917305
2 0.481359 0.956221 0.0418932 0.0646384 0.870777
4 0.514755 0.526332 0.0218378 0.0205451 0.809244
1 0.66342 0.717645 0.0361452 0.564711 0.777941
4 0.418692 0.420531 0.0191089 0.0137622 0.696816
1 0.276873 0.306521 0.0118887 0.185495 0.670489
3 0.106239 0.584769 0.0199224 0.0214838 0.653295
1 0.834685 0.844766 0.0596539 0.310467 0.521565
1 0.486065 0.297763 0.0061506 0.172242 0.504394
2 0.523336 0.397492 0.0121553 0.0142752 0.484534
3 0.26856 0.404125 0.0123172 0.0149381 0.476872
3 0.181195 0.407883 0.012588 0.0150483 0.459141
2 0.182397 0.460855 0.0143853 0.0185152 0.437313
2 0.187206 0.832469 0.0238471 0.0391001 0.421574
3 0.187294 0.837466 0.0243756 0.0458078 0.415693
1 0.27662 0.301237 0.00787853 0.187354 0.385087
