4 0.232017 0.951439 0.0471897 0.0490522 0.856094
0 0.173027 0.980002 0.0392098 0.0383256 0.855856
2 0.717411 0.782697 0.0222275 0.0235806 0.820574
4 0.441064 0.689279 0.031916 0.0235674 0.809862
2 0.792747 0.670095 0.0177818 0.0202263 0.780022
2 0.256847 0.57978 0.0130245 0.0166396 0.763103
3 0.738536 0.661684 0.0201706 0.0216676 0.732438
3 0.636647 0.645053 0.0162535 0.0204783 0.670368
2 0.328469 0.638736 0.0158518 0.0186625 0.667733
2 0.614709 0.691788 0.0175951 0.0172393 0.633816
1 0.383052 0.4999 0.0089981 0.192819 0.63223
1 0.620456 0.532651 0.00895626 0.222961 0.582117
3 0.371143 0.600912 0.0146021 0.0171523 0.431265
2 0.911828 0.426311 0.0164509 0.0255649 0.427625
3 0.292576 0.586427 0.0157498 0.0191888 0.393469
