0 0.492563 0.469539 0.0232582 0.0416174 0.935146
2 0.475271 0.850814 0.0360491 0.0544104 0.81058
4 0.513977 0.509436 0.0215183 0.0189544 0.810548
3 0.103457 0.557149 0.0203278 0.0216045 0.790061
1 0.654609 0.600193 0.0367598 0.787825 0.784986
1 0.82286 0.713567 0.0590461 0.572866 0.770112
2 0.1787 0.753 0.0247503 0.0359613 0.744531
1 0.277987 0.319782 0.011282 0.182891 0.62108
1 0.486697 0.316195 0.00690728 0.175564 0.614927
3 0.421127 0.5154 0.0161517 0.0243595 0.476488
4 0.416469 0.427378 0.0215672 0.0132482 0.391505
3 0.135697 0.424372 0.0141401 0.01632 0.365919
2 0.635963 0.42023 0.0134764 0.0188499 0.342153
