0 0.0179076 0.765384 0.0358152 0.0932638 0.879231
4 0.0879691 0.713179 0.056501 0.0550101 0.861777
2 0.645444 0.488866 0.0209953 0.0228593 0.837303
4 0.328373 0.430066 0.0414847 0.0249172 0.809832
3 0.758984 0.811645 0.0285004 0.0434024 0.730166
3 0.651825 0.382777 0.0183925 0.021412 0.724352
1 0.249018 0.236551 0.0162704 0.226931 0.69892
3 0.540566 0.376392 0.0172346 0.0198061 0.658582
2 0.708032 0.387621 0.0182291 0.0214777 0.647462
2 0.19024 0.391591 0.0186863 0.0199321 0.601357
2 0.525225 0.418373 0.0168133 0.0177277 0.549862
3 0.142709 0.347366 0.0155246 0.0189323 0.492544
1 0.525394 0.247465 0.009708 0.260946 0.454011
2 0.00762913 0.431812 0.0150756 0.0230933 0.325667
1 0.523131 0.250536 0.0122404 0.248753 0.301191
