0 0.53943 0.487341 0.0357288 0.0662873 0.826633
2 0.880535 0.358994 0.0169701 0.0198519 0.794477
3 0.843835 0.294484 0.0154037 0.0159482 0.791049
3 0.127642 0.433577 0.0269613 0.0361266 0.741357
4 0.406812 0.94582 0.0826757 0.105973 0.681568
1 0.733656 0.180114 0.0178844 0.212976 0.643549
3 0.67158 0.486476 0.0226264 0.0362425 0.583512
2 0.458693 0.297168 0.0133476 0.0163373 0.572785
3 0.746208 0.290057 0.0141485 0.015174 0.506744
4 0.595787 0.320595 0.0333144 0.017005 0.489043
1 0.489535 0.172077 0.00741824 0.200021 0.441094
2 0.331351 0.322326 0.0150753 0.0203185 0.385458
2 0.75081 0.314292 0.014122 0.0157767 0.313236
3 0.892403 0.295562 0.014356 0.0172176 0.308018
3 0.365122 0.246702 0.013407 0.0152451 0.250807
