0 0.493515 0.48192 0.0246579 0.0431377 0.924524
2 0.481315 0.956255 0.0418587 0.0648187 0.871548
4 0.514961 0.526178 0.0219897 0.0208063 0.797372
1 0.663469 0.717774 0.0364069 0.564452 0.778543
4 0.41852 0.420298 0.0203342 0.0134979 0.684399
1 0.27686 0.306545 0.0118426 0.185601 0.66927
3 0.10605 0.584718 0.019972 0.0214447 0.661012
4 0.363103 0.447672 0.0235541 0.0180006 0.539667
1 0.486192 0.297568 0.00620956 0.172306 0.527951
3 0.268322 0.404046 0.0121802 0.0147341 0.508232
1 0.834753 0.84493 0.0593067 0.310141 0.503099
3 0.181198 0.407763 0.0124634 0.0149016 0.445526
2 0.523421 0.397498 0.0122477 0.0143806 0.431133
2 0.182411 0.460798 0.0143918 0.0184589 0.42993
3 0.187294 0.837355 0.0244878 0.0461821 0.418576
2 0.187199 0.832086 0.0238307 0.0389155 0.403407
1 0.276613 0.301284 0.00783777 0.187456 0.391301
3 0.496928 0.381187 0.0108492 0.0123825 0.271949
