0 0.80891 0.781199 0.0606247 0.0990837 0.924211
4 0.290341 0.625234 0.0519998 0.0484206 0.899798
4 0.952534 0.883522 0.0949312 0.0818126 0.761999
2 0.38924 0.49941 0.0182718 0.0294449 0.739124
1 0.262241 0.321499 0.0159243 0.318735 0.684327
2 0.58885 0.480164 0.0204874 0.0224498 0.629909
3 0.287307 0.471183 0.0183914 0.0280112 0.588628
3 0.376135 0.429998 0.0166201 0.0216705 0.57223
4 0.952061 0.908527 0.0944302 0.13954 0.445371
3 0.991186 0.537596 0.0172776 0.0380684 0.443449
1 0.264777 0.318816 0.0141116 0.325347 0.252102
