4 0.312337 0.955104 0.0850184 0.0869516 0.934139
0 0.482048 0.498612 0.0370812 0.0665391 0.921633
4 0.554048 0.332088 0.0287822 0.015858 0.755082
3 0.0757895 0.445497 0.0236752 0.0343745 0.724033
1 0.695044 0.187484 0.0125175 0.207278 0.6772
3 0.707021 0.294189 0.0118071 0.0133552 0.610867
1 0.453256 0.184875 0.00820273 0.205013 0.52835
2 0.419687 0.308877 0.0131823 0.0155043 0.499605
1 0.692684 0.191862 0.0147144 0.218872 0.450253
2 0.290509 0.334234 0.0145754 0.0182408 0.435282
2 0.834274 0.366581 0.0172302 0.0204403 0.434237
