0 0.555121 0.538358 0.0341763 0.06423 0.926276
4 0.594303 0.618637 0.0417326 0.0453096 0.867895
2 0.246991 0.404817 0.0160436 0.0193937 0.825356
3 0.122321 0.380805 0.0194319 0.0214113 0.821593
2 0.564839 0.359789 0.0170286 0.0200079 0.785695
4 0.433802 0.403423 0.0365457 0.0212592 0.781225
1 0.24731 0.243958 0.0184335 0.235432 0.674848
2 0.715119 0.379631 0.0199749 0.030215 0.638044
2 0.654153 0.311275 0.0142029 0.0165896 0.629926
2 0.112669 0.479891 0.0186624 0.0283604 0.610717
2 0.0612189 0.388947 0.0166406 0.0205261 0.599244
3 0.5308 0.329924 0.0148181 0.0176451 0.538336
4 0.404762 0.487045 0.0220714 0.0269117 0.523404
1 0.514664 0.219733 0.00865743 0.214526 0.505137
3 0.615513 0.318719 0.0137217 0.0151641 0.499966
3 0.23656 0.365576 0.0165432 0.0210861 0.434622
3 0.992605 0.51422 0.014773 0.042964 0.376673
3 0.60965 0.318519 0.0141918 0.0167486 0.308163
