0 0.498119 0.462745 0.0231154 0.0429439 0.931674
2 0.240833 0.680931 0.0353598 0.0439234 0.816196
2 0.561139 0.738305 0.0268173 0.0486166 0.806631
1 0.796767 0.463448 0.0343788 0.853797 0.651121
3 0.164361 0.436328 0.0165621 0.0158896 0.623295
1 0.262091 0.341797 0.00888643 0.186777 0.618748
1 0.800793 0.415959 0.0307012 0.749755 0.523925
1 0.469438 0.333977 0.00743215 0.17735 0.478068
3 0.774487 0.901154 0.0296188 0.0366921 0.459067
3 0.61486 0.497564 0.0199566 0.0239276 0.45669
2 0.17338 0.463299 0.0141031 0.0161651 0.434321
1 0.994253 0.78937 0.0114944 0.42126 0.344265
4 0.766927 0.626098 0.0229058 0.0285863 0.309346
1 0.790568 0.674567 0.0412094 0.43412 0.301172
2 0.1163 0.439962 0.0151147 0.0174659 0.271406
3 0.113821 0.539254 0.0194115 0.0240005 0.255138
2 0.614975 0.501057 0.0195033 0.0251676 0.25131
