4 0.240196 0.189816 0.0466073 0.0355417 0.860227
3 0.0565775 0.0488489 0.024297 0.0271082 0.782786
3 0.625067 0.118982 0.0251714 0.0253591 0.75446
2 0.0951548 0.121546 0.0205309 0.0259632 0.729402
2 0.592287 0.301174 0.0270693 0.0317722 0.728655
2 0.46891 0.175967 0.0227687 0.0237094 0.688585
1 0.482013 0.0520167 0.0185606 0.0980122 0.687594
2 0.691119 0.127129 0.0202782 0.0233137 0.646707
1 0.177702 0.0323537 0.0156588 0.0647075 0.568974
1 0.489185 0.0528256 0.0262145 0.102513 0.492485
2 0.00664012 0.042939 0.012197 0.0212914 0.353311
2 0.0101816 0.0415193 0.0163077 0.0204702 0.32364
3 0.498437 0.105647 0.0198982 0.0250125 0.26885
