0 0.788803 0.7154 0.0547976 0.0963276 0.931113
4 0.216287 0.662557 0.061111 0.0536565 0.856327
4 0.920136 0.777036 0.0953281 0.0569921 0.849037
3 0.137076 0.48576 0.0203693 0.0351243 0.784528
2 0.268422 0.503136 0.0195614 0.0295339 0.729797
4 0.886976 0.657946 0.0479718 0.0464813 0.721348
3 0.218221 0.427265 0.0175365 0.0228816 0.716149
3 0.825442 0.459027 0.023598 0.0244347 0.712751
1 0.103231 0.319748 0.0303352 0.359015 0.638676
2 0.248646 0.403619 0.0167348 0.0221435 0.562808
2 0.461709 0.454532 0.020332 0.0212669 0.406219
