0 0.498132 0.46271 0.0230749 0.0427487 0.932484
2 0.240697 0.680763 0.0351398 0.0435707 0.814543
2 0.561043 0.738305 0.0267221 0.0484079 0.806274
1 0.796753 0.464387 0.0344881 0.854534 0.653357
1 0.262185 0.342415 0.00880256 0.185803 0.617025
3 0.164264 0.436111 0.016369 0.0155679 0.607622
1 0.800713 0.417088 0.0307634 0.75132 0.51837
3 0.774133 0.901076 0.0297606 0.0367742 0.487957
1 0.469514 0.334035 0.00736151 0.177709 0.465229
3 0.614693 0.49753 0.0197931 0.0237271 0.457104
2 0.173433 0.463325 0.014116 0.0161426 0.443537
1 0.994138 0.78746 0.0117232 0.425081 0.344353
3 0.113916 0.539292 0.0194601 0.0241826 0.311889
1 0.790568 0.674755 0.0411152 0.432703 0.300567
4 0.766841 0.626112 0.0229124 0.0283384 0.278025
2 0.116184 0.440039 0.0151129 0.0174014 0.275258
