0 0.498048 0.462806 0.0230457 0.0430326 0.931973
2 0.240833 0.680938 0.0353147 0.0438484 0.816448
2 0.561145 0.738409 0.0266184 0.0482908 0.806651
1 0.796733 0.463479 0.034521 0.854383 0.65389
3 0.164361 0.436329 0.0165554 0.0158504 0.620832
1 0.262104 0.341786 0.00883564 0.186785 0.619111
1 0.800726 0.415629 0.0308213 0.74897 0.533758
1 0.469438 0.333911 0.00741503 0.177401 0.477536
3 0.614894 0.497596 0.0195519 0.0240917 0.476962
3 0.774533 0.901159 0.029763 0.0366063 0.46599
2 0.173382 0.4633 0.0141156 0.0161543 0.432773
1 0.994256 0.789388 0.0114874 0.421223 0.343682
4 0.766893 0.626114 0.0229349 0.028547 0.31036
1 0.790575 0.674597 0.0413047 0.433635 0.299701
2 0.116283 0.439983 0.0151177 0.0174685 0.282447
2 0.615002 0.501004 0.0191076 0.0253298 0.274537
3 0.113823 0.539272 0.0194084 0.0239953 0.25227
