0 0.736724 0.924825 0.0769293 0.133527 0.957577
2 0.171911 0.531146 0.0212154 0.0266237 0.839081
4 0.460275 0.528387 0.0548863 0.0403947 0.824305
2 0.883896 0.486699 0.0223263 0.0290262 0.815469
1 0.183148 0.273875 0.0283829 0.347934 0.802639
2 0.649608 0.443711 0.0210457 0.0262048 0.77161
3 0.168597 0.45394 0.0201136 0.0248435 0.722006
1 0.569309 0.236472 0.01401 0.316807 0.645651
2 0.751433 0.362723 0.0167233 0.0210708 0.600113
3 0.5883 0.390234 0.0184145 0.0237247 0.543186
3 0.702051 0.371905 0.018878 0.0201582 0.417431
