0 0.498242 0.462892 0.0235108 0.0430834 0.935354
2 0.240679 0.68083 0.035221 0.0436249 0.814801
2 0.56118 0.738197 0.0272059 0.0495391 0.805997
1 0.796783 0.462648 0.0343207 0.861345 0.649068
1 0.262144 0.341977 0.00889597 0.186765 0.61867
3 0.16443 0.436305 0.016165 0.0154523 0.60788
1 0.801051 0.416683 0.0305511 0.752996 0.518962
1 0.469669 0.333339 0.0074135 0.178704 0.471712
3 0.614996 0.497605 0.0187921 0.0233711 0.438086
3 0.773809 0.901016 0.0293643 0.0369227 0.436513
2 0.173388 0.463284 0.0140233 0.0161785 0.427608
1 0.994178 0.789269 0.0116436 0.421462 0.352673
1 0.790523 0.673912 0.0416743 0.434599 0.299723
3 0.11376 0.538893 0.0191963 0.0244084 0.295666
2 0.116176 0.440113 0.0147741 0.0171095 0.292789
4 0.766634 0.626031 0.023387 0.0283083 0.284523
