0 0.646529 0.532709 0.0412771 0.072756 0.940319
4 0.203493 0.894206 0.0903872 0.0942547 0.862896
4 0.89592 0.378044 0.0384043 0.0203981 0.852506
4 0.696277 0.522596 0.040464 0.0331665 0.840946
3 0.369818 0.3834 0.0284456 0.0306606 0.728196
2 0.0632634 0.538461 0.0250429 0.0363874 0.710441
1 0.827425 0.189345 0.0181661 0.220557 0.632892
2 0.761138 0.320863 0.016616 0.0215335 0.584307
3 0.708708 0.285142 0.0157526 0.0197491 0.381139
2 0.614486 0.326066 0.0164805 0.0228947 0.342415
3 0.67823 0.272912 0.0134646 0.0150461 0.290087
