0 0.556044 0.525 0.0346245 0.064368 0.931106
4 0.59466 0.603934 0.0399399 0.0432692 0.900424
4 0.432987 0.393855 0.0388796 0.0199879 0.741581
2 0.0616593 0.380441 0.0169649 0.0213982 0.719175
3 0.530804 0.320635 0.0151128 0.019036 0.691641
1 0.247436 0.23482 0.017498 0.235078 0.679772
2 0.566711 0.352034 0.0179564 0.0198739 0.667833
3 0.236449 0.358404 0.0173002 0.0228956 0.663027
2 0.112193 0.468794 0.0171434 0.0236829 0.662131
3 0.123129 0.373228 0.0191866 0.0217159 0.644687
3 0.615803 0.310917 0.0144264 0.0165698 0.611395
1 0.514268 0.213233 0.00869359 0.21923 0.566776
2 0.248186 0.395368 0.0165478 0.0190656 0.528698
2 0.711719 0.373196 0.0214284 0.0439772 0.458761
3 0.614432 0.3093 0.0140278 0.0186509 0.418611
3 0.612381 0.31053 0.0162772 0.0174284 0.387083
4 0.405254 0.441163 0.0219548 0.0220511 0.350614
