0 0.293899 0.680518 0.0542541 0.0879144 0.917377
4 0.339823 0.63732 0.0403593 0.0503508 0.883841
3 0.66633 0.336412 0.0150666 0.0192935 0.718611
4 0.474764 0.387548 0.0440094 0.0226133 0.71165
2 0.838882 0.34865 0.0155581 0.0190297 0.678044
2 0.21382 0.310136 0.014598 0.016307 0.677944
3 0.35779 0.318642 0.0152711 0.0190185 0.672643
2 0.323304 0.352673 0.0163091 0.0188677 0.66925
3 0.260258 0.314942 0.0167108 0.0184814 0.66315
2 0.813169 0.442447 0.0199793 0.0234537 0.661023
1 0.651883 0.209513 0.0144171 0.251007 0.656292
1 0.370567 0.199827 0.0115179 0.228099 0.613324
3 0.780146 0.345955 0.0203255 0.0211613 0.507203
2 0.66524 0.376297 0.0137401 0.0170656 0.502768
