0 0.577648 0.735431 0.0343502 0.0646885 0.924499
4 0.617793 0.8324 0.0475469 0.0547397 0.902789
4 0.44953 0.536262 0.0378511 0.0279455 0.839351
2 0.730545 0.510457 0.0187491 0.0261185 0.806914
2 0.130768 0.643389 0.0195939 0.0245242 0.806377
3 0.13611 0.508832 0.0177747 0.0209516 0.791746
3 0.250568 0.488775 0.01798 0.0215971 0.779287
3 0.62673 0.423578 0.0148062 0.0190059 0.7065
2 0.0761739 0.517559 0.0205775 0.0208063 0.686669
1 0.261622 0.369222 0.0177038 0.231684 0.683918
2 0.262257 0.539893 0.0161366 0.0193302 0.599091
3 0.54276 0.438848 0.015589 0.0200271 0.584279
1 0.526992 0.330758 0.00996797 0.215375 0.537325
2 0.580588 0.479027 0.0183634 0.0211817 0.484588
3 0.541342 0.436911 0.014361 0.0207694 0.394264
2 0.66512 0.416607 0.0141155 0.0190112 0.367759
