0 0.550649 0.489185 0.0364994 0.0674195 0.904636
3 0.152498 0.424313 0.0260417 0.0365556 0.761388
1 0.766278 0.18353 0.0200694 0.217936 0.721009
1 0.520055 0.170965 0.00852471 0.199863 0.668461
2 0.485732 0.297494 0.0134231 0.0168264 0.598895
2 0.356452 0.321535 0.014627 0.0192573 0.48189
2 0.912223 0.366373 0.0175587 0.0219712 0.475552
3 0.776362 0.288926 0.0130581 0.0163007 0.439223
3 0.877961 0.300074 0.0181004 0.0190058 0.437816
3 0.506545 0.271717 0.0110394 0.0152635 0.400712
3 0.425853 0.268601 0.0143612 0.0158255 0.337645
3 0.422701 0.268342 0.0142185 0.0147996 0.286759
