0 0.293914 0.680477 0.0539345 0.0878109 0.923836
4 0.339935 0.637359 0.0404384 0.0503915 0.888363
3 0.666222 0.33636 0.0150215 0.0192216 0.70829
4 0.47483 0.387457 0.0439859 0.0226333 0.703821
2 0.323024 0.352842 0.0161649 0.0187313 0.6868
2 0.214291 0.309978 0.0143212 0.0157819 0.669884
1 0.651916 0.209325 0.0145698 0.250742 0.668894
3 0.260764 0.314516 0.0165999 0.0187925 0.662489
2 0.838936 0.349178 0.0156875 0.0192266 0.657453
2 0.813136 0.442431 0.0199758 0.0234508 0.650144
3 0.357549 0.318743 0.0150671 0.0187157 0.633877
1 0.370513 0.200234 0.0111565 0.228318 0.626832
3 0.780183 0.346037 0.0203461 0.0212549 0.516556
2 0.66524 0.376747 0.0137436 0.0169489 0.510576
