0 0.550649 0.489187 0.0365477 0.0674415 0.905986
3 0.152547 0.424297 0.0259983 0.0365425 0.76069
1 0.766283 0.183527 0.0200748 0.217943 0.720184
1 0.520056 0.170976 0.00853101 0.199854 0.669251
2 0.485738 0.297487 0.0134298 0.0168276 0.599194
2 0.356448 0.321539 0.0146095 0.0192549 0.478071
2 0.912219 0.366382 0.0175377 0.0219856 0.474647
3 0.776364 0.288927 0.0130529 0.0162874 0.439989
3 0.877942 0.300066 0.0180454 0.0189787 0.437663
3 0.506562 0.27171 0.0110426 0.015263 0.399866
3 0.425855 0.268602 0.0143566 0.0158245 0.337672
3 0.422701 0.268339 0.0142162 0.0148 0.285724
