0 0.498239 0.462854 0.0234741 0.0430239 0.933589
2 0.240672 0.680824 0.0352201 0.0436286 0.81459
2 0.561205 0.7382 0.0272904 0.0498415 0.806538
1 0.796778 0.461923 0.0343709 0.862522 0.646017
1 0.262151 0.342045 0.00888796 0.186633 0.618771
3 0.16443 0.436304 0.0161741 0.0154786 0.609408
1 0.801082 0.416679 0.030627 0.753814 0.528398
1 0.469676 0.332604 0.00739955 0.180321 0.470093
3 0.773836 0.901027 0.0294329 0.036915 0.435174
2 0.173388 0.463285 0.0140269 0.0161812 0.427974
3 0.614882 0.497596 0.0189823 0.0234246 0.422278
1 0.994177 0.788914 0.0116467 0.422172 0.352788
1 0.790521 0.6733 0.0416926 0.435647 0.303391
3 0.11376 0.53889 0.019214 0.0244201 0.297117
2 0.116177 0.440116 0.014781 0.0171051 0.292286
4 0.766621 0.626031 0.023373 0.0283546 0.286875
