0 0.577755 0.735215 0.0341498 0.0643483 0.924013
4 0.617866 0.832524 0.0478659 0.0547627 0.902149
4 0.449529 0.5363 0.0379452 0.0279964 0.84177
2 0.730348 0.510059 0.0186072 0.0259655 0.816681
2 0.130762 0.643443 0.0196444 0.0248004 0.797764
3 0.136187 0.508989 0.0177528 0.0212113 0.791969
3 0.250586 0.488821 0.0180746 0.0217754 0.774805
3 0.626845 0.423764 0.0144516 0.018851 0.698962
2 0.0762829 0.517497 0.0206279 0.0208498 0.698769
1 0.261747 0.3695 0.0176124 0.231192 0.683381
2 0.262201 0.539635 0.0161699 0.0194515 0.60784
3 0.542408 0.438653 0.0155117 0.0201856 0.574474
1 0.526933 0.330627 0.0100481 0.214527 0.553704
2 0.580746 0.479179 0.0180845 0.0211484 0.488146
2 0.665422 0.416506 0.0138191 0.0189452 0.357607
