3 0.649776 0.837047 0.0287488 0.0509873 0.830887
4 0.234069 0.401246 0.04371 0.0238068 0.825231
2 0.572601 0.463212 0.0222151 0.0241911 0.788696
2 0.659419 0.358709 0.0165529 0.0218332 0.780984
2 0.0959037 0.362384 0.0194888 0.0220932 0.756882
3 0.597551 0.354202 0.0196061 0.0244264 0.734226
1 0.166098 0.197063 0.0208463 0.253051 0.724083
3 0.0560611 0.319285 0.0178012 0.0190834 0.59195
1 0.458943 0.207137 0.0117381 0.270207 0.55173
2 0.451695 0.392895 0.0179981 0.0208938 0.338281
3 0.477266 0.348939 0.0174974 0.0215475 0.272546
