0 0.536511 0.488066 0.0357148 0.0666972 0.887127
3 0.118941 0.438297 0.02506 0.0345727 0.778589
3 0.832773 0.295454 0.0140331 0.0156826 0.757301
2 0.871544 0.359387 0.0147733 0.01995 0.716503
3 0.735723 0.289355 0.0126415 0.0154746 0.63717
1 0.723357 0.185047 0.0156058 0.213415 0.626691
1 0.480794 0.174582 0.00681435 0.201819 0.585077
2 0.880303 0.297461 0.0131378 0.017284 0.568402
3 0.666032 0.48534 0.0227062 0.0328683 0.543014
3 0.431351 0.469013 0.0193467 0.0279275 0.473178
2 0.32344 0.32765 0.0153029 0.0199778 0.321644
1 0.724044 0.186319 0.0100761 0.218593 0.303992
2 0.74094 0.31827 0.0125409 0.0148298 0.285792
