0 0.553486 0.490665 0.0353466 0.063541 0.936544
4 0.59115 0.5554 0.0351256 0.0362178 0.837162
2 0.569459 0.380809 0.0152575 0.0183123 0.778363
4 0.389104 0.492523 0.0226041 0.0270968 0.747918
1 0.252142 0.267098 0.0151966 0.233098 0.712857
2 0.0659011 0.398817 0.0156616 0.0193095 0.707061
2 0.114128 0.45939 0.0183584 0.0227686 0.670874
3 0.240617 0.383418 0.0140051 0.0164434 0.641092
3 0.53488 0.360923 0.013789 0.0166137 0.599479
3 0.126602 0.39524 0.0197631 0.0196016 0.54695
1 0.516921 0.251866 0.0078373 0.210686 0.527334
3 0.617616 0.354029 0.0113747 0.014227 0.520661
4 0.436456 0.40777 0.0348624 0.0163024 0.484061
3 0.240219 0.385165 0.0179102 0.0202229 0.392344
2 0.659051 0.35039 0.01343 0.0143032 0.39022
