0 0.556044 0.524987 0.0346041 0.0643329 0.931472
4 0.594671 0.603946 0.0399147 0.043228 0.900176
4 0.43298 0.393842 0.0388981 0.0200959 0.748901
2 0.061664 0.380446 0.0169518 0.0213945 0.719894
3 0.530719 0.320568 0.0150612 0.0189933 0.689907
1 0.247441 0.234823 0.0174923 0.235074 0.679549
2 0.566695 0.352036 0.0179933 0.0198455 0.668523
2 0.11219 0.468791 0.0171343 0.0236709 0.662668
3 0.236449 0.358405 0.0172949 0.0228815 0.662503
3 0.123126 0.37323 0.019166 0.0216851 0.64339
3 0.615791 0.310899 0.0144989 0.0165996 0.615259
1 0.514262 0.213231 0.00870296 0.219288 0.567298
2 0.248189 0.395368 0.0165393 0.0190567 0.527331
3 0.614416 0.309298 0.0140889 0.0186625 0.42128
2 0.711725 0.374912 0.0182737 0.0446307 0.403973
3 0.612398 0.310527 0.0163367 0.0174512 0.388069
4 0.405245 0.441163 0.0219528 0.0220558 0.352462
