0 0.536536 0.488124 0.035656 0.0661306 0.886244
3 0.118727 0.438577 0.0249458 0.0342151 0.784564
3 0.832829 0.295591 0.0138905 0.0157597 0.7694
2 0.87157 0.359223 0.0146176 0.0199514 0.708118
1 0.723326 0.185034 0.0155691 0.213877 0.610059
3 0.735798 0.289619 0.0125239 0.01534 0.603029
1 0.480771 0.174894 0.00705422 0.200813 0.586395
2 0.880214 0.297335 0.012928 0.0168656 0.544638
3 0.665859 0.485318 0.0224432 0.0331201 0.514651
3 0.431229 0.469048 0.0196248 0.0280062 0.461169
2 0.741004 0.31843 0.0126239 0.01488 0.330934
2 0.323376 0.327496 0.0154762 0.0201985 0.32463
1 0.724034 0.185929 0.0101087 0.220061 0.313806
