0 0.666628 0.807633 0.0558162 0.103829 0.944389
4 0.456836 0.511385 0.0484158 0.0358591 0.862265
4 0.74488 0.966404 0.075853 0.0671916 0.848158
2 0.205979 0.514853 0.0202072 0.0240494 0.826841
3 0.198098 0.450157 0.0191067 0.0245148 0.795127
3 0.043396 0.472832 0.0222277 0.0244728 0.784464
1 0.554056 0.255926 0.0135338 0.276405 0.748896
1 0.212007 0.293018 0.0227485 0.311037 0.727224
2 0.62416 0.439085 0.0191786 0.0227698 0.702555
3 0.573193 0.393021 0.0161928 0.0216324 0.599222
2 0.828248 0.47652 0.0217749 0.0260418 0.596583
3 0.674718 0.374738 0.0174129 0.0195539 0.583871
3 0.00775181 0.658725 0.0153521 0.0428217 0.386305
