0 0.493499 0.481722 0.0245222 0.0426757 0.916028
2 0.481329 0.955971 0.0415374 0.0640725 0.871472
4 0.514661 0.525985 0.0219115 0.0209473 0.792313
1 0.663575 0.717221 0.0362042 0.565559 0.77743
4 0.418596 0.420075 0.0203045 0.0139613 0.696355
1 0.276829 0.306453 0.0118546 0.185681 0.668446
3 0.10606 0.585146 0.0201096 0.0216359 0.652414
1 0.486047 0.297456 0.00625477 0.172169 0.525243
1 0.834739 0.845032 0.0592827 0.309935 0.506572
3 0.268479 0.404253 0.0123589 0.0149196 0.475367
3 0.187349 0.837978 0.0244962 0.0463588 0.43496
3 0.181142 0.40792 0.0122755 0.0151001 0.429455
2 0.187272 0.832914 0.0240182 0.0397694 0.403129
2 0.182373 0.46085 0.014232 0.0185054 0.402421
1 0.276589 0.301169 0.00791541 0.187946 0.391636
2 0.523471 0.397612 0.0123901 0.0142029 0.390428
