0 0.806726 0.768454 0.0585213 0.0972222 0.942773
4 0.272446 0.631464 0.0494353 0.0515851 0.805253
3 0.954877 0.514113 0.0198552 0.0227435 0.797687
3 0.254759 0.470277 0.018432 0.0296982 0.792546
2 0.363448 0.497484 0.018498 0.0305884 0.73367
4 0.949926 0.90518 0.100148 0.159348 0.72862
3 0.340933 0.426805 0.017094 0.0221396 0.71214
2 0.559649 0.47271 0.0173859 0.0204921 0.691554
1 0.226715 0.320241 0.0183479 0.327672 0.684284
4 0.960169 0.719215 0.0480271 0.0522707 0.578521
2 0.37553 0.408202 0.0166338 0.0193978 0.357198
