2 0.731985 0.755935 0.0305267 0.033934 0.834186
4 0.325352 0.628425 0.0443042 0.0343535 0.827009
2 0.837699 0.601109 0.0236853 0.0231254 0.731678
2 0.185838 0.564134 0.0210074 0.0234989 0.662428
2 0.58137 0.629919 0.0225447 0.020846 0.641546
3 0.612297 0.573339 0.0186142 0.0219372 0.621369
3 0.759985 0.591476 0.0237188 0.0262563 0.619755
1 0.594531 0.409634 0.0125078 0.304565 0.592472
3 0.161097 0.508378 0.0183614 0.020829 0.554112
1 0.275117 0.383648 0.014493 0.272122 0.524987
3 0.261312 0.522259 0.0162627 0.0198244 0.323484
1 0.275002 0.380194 0.0102738 0.287914 0.251491
