0 0.666606 0.807624 0.0556882 0.103751 0.944031
4 0.456888 0.511397 0.04872 0.035683 0.855214
4 0.744967 0.966749 0.076346 0.0665015 0.842535
2 0.205938 0.514981 0.0202795 0.0240405 0.823874
3 0.198061 0.450265 0.0192049 0.0244981 0.794656
3 0.0436719 0.473065 0.0222078 0.0243122 0.782377
1 0.553903 0.255917 0.0137211 0.27616 0.743933
1 0.212098 0.292836 0.0228529 0.31081 0.728887
2 0.624368 0.439188 0.0191892 0.0229392 0.690271
3 0.573471 0.393198 0.0161772 0.0215216 0.609895
2 0.828494 0.476774 0.0217438 0.0261043 0.592625
3 0.675391 0.374424 0.0172136 0.0180281 0.570501
3 0.00771174 0.658713 0.0152808 0.0435611 0.378372
