0 0.783616 0.707615 0.0535969 0.0970754 0.955324
4 0.911897 0.765113 0.089325 0.0574979 0.893768
3 0.117365 0.489483 0.0222819 0.0358001 0.835636
3 0.804964 0.449653 0.0226358 0.0221667 0.825256
4 0.207426 0.668623 0.0660896 0.0556938 0.802857
1 0.0824038 0.324502 0.028657 0.353576 0.707949
4 0.871859 0.644021 0.0432964 0.0441443 0.694773
2 0.445967 0.452958 0.0190188 0.0199417 0.691355
2 0.251265 0.50716 0.0200481 0.0313168 0.689968
3 0.195533 0.430712 0.0170531 0.0227074 0.535813
2 0.226138 0.403242 0.0159583 0.0207163 0.464965
