0 0.559658 0.606063 0.0343933 0.0653255 0.916228
4 0.598184 0.692263 0.0425331 0.0471325 0.871344
2 0.717895 0.420369 0.0184565 0.0284721 0.807873
2 0.569862 0.401141 0.0160646 0.0213011 0.797017
2 0.116399 0.536849 0.0203129 0.0249194 0.782773
4 0.437418 0.448429 0.0384848 0.0249893 0.776913
3 0.124734 0.425135 0.0186428 0.0209785 0.774644
1 0.249872 0.286382 0.0186269 0.229128 0.743491
3 0.239082 0.407418 0.0164736 0.0183204 0.73757
3 0.532956 0.365403 0.016004 0.0205836 0.685241
2 0.0641639 0.434142 0.017252 0.0193655 0.621428
2 0.249417 0.451341 0.0155484 0.0195549 0.592417
1 0.516794 0.257887 0.00861759 0.210331 0.577197
3 0.615055 0.353755 0.0148319 0.0166911 0.543992
3 0.612022 0.353421 0.0153354 0.0172927 0.497188
2 0.720048 0.413771 0.0180013 0.0339974 0.480059
2 0.657513 0.350016 0.0141581 0.0146192 0.328621
