0 0.577755 0.735241 0.0341465 0.0644035 0.924713
4 0.61784 0.832532 0.0478273 0.0548243 0.902629
4 0.449529 0.536305 0.0379473 0.0279946 0.841905
2 0.730371 0.51001 0.01856 0.0260019 0.813308
2 0.13076 0.643447 0.0196479 0.0247846 0.797485
3 0.136187 0.508993 0.0177556 0.0212293 0.792272
3 0.250582 0.488825 0.0180788 0.0217875 0.774687
2 0.0762819 0.517493 0.0206306 0.0208647 0.699265
3 0.626848 0.423765 0.0144474 0.0188565 0.698994
1 0.261749 0.369497 0.0176186 0.231183 0.683722
2 0.262202 0.539641 0.0161757 0.0194584 0.607898
3 0.542408 0.438653 0.0155276 0.020196 0.575107
1 0.526931 0.33066 0.0100578 0.214525 0.554381
2 0.580753 0.479182 0.0180738 0.0211511 0.489239
2 0.665419 0.416505 0.0138181 0.0189588 0.359382
