0 0.293895 0.680479 0.0542302 0.0877621 0.916964
4 0.339817 0.637305 0.0402637 0.0502667 0.883708
3 0.666333 0.336403 0.0150467 0.0192853 0.718701
4 0.474838 0.387493 0.0440027 0.0225786 0.710116
2 0.838897 0.348449 0.0154938 0.0189674 0.681353
2 0.21386 0.310208 0.0145325 0.0161803 0.670607
3 0.357801 0.318687 0.0152443 0.0190658 0.669221
2 0.323286 0.352648 0.016266 0.0188199 0.667201
3 0.260273 0.314937 0.0167129 0.0185094 0.663717
2 0.813169 0.442444 0.0199676 0.0234668 0.660902
1 0.651864 0.209551 0.0143479 0.250998 0.653187
1 0.370315 0.202646 0.0113918 0.230784 0.613571
3 0.780139 0.345953 0.0203068 0.0211382 0.505773
2 0.665229 0.376305 0.0137296 0.0170609 0.502443
