0 0.764562 0.918959 0.071128 0.131228 0.965805
4 0.423293 0.584898 0.0502956 0.0378746 0.816963
3 0.101829 0.537906 0.0242 0.0283789 0.792009
2 0.59182 0.495077 0.0208136 0.0243995 0.791981
3 0.524139 0.451398 0.0158981 0.0206868 0.764104
1 0.116128 0.350919 0.0285433 0.368187 0.740669
2 0.815736 0.52093 0.0246124 0.0284798 0.681375
3 0.628188 0.428957 0.0179646 0.018484 0.678501
1 0.503567 0.30317 0.011058 0.296534 0.642543
2 0.117287 0.610986 0.0226508 0.0290338 0.615199
2 0.674332 0.417259 0.0155592 0.0201674 0.349884
