0 0.731277 0.94539 0.0755636 0.105945 0.933855
3 0.585552 0.40355 0.0172525 0.0257385 0.855234
4 0.45787 0.546344 0.0563101 0.0454836 0.828468
2 0.16868 0.550164 0.0221264 0.0256441 0.82206
2 0.881411 0.504111 0.0237225 0.0326552 0.809184
3 0.166037 0.470732 0.0212471 0.0261047 0.802719
2 0.646746 0.459049 0.0209735 0.0252836 0.741567
1 0.180472 0.293181 0.029325 0.352222 0.734198
3 0.700386 0.385085 0.0187321 0.0211806 0.698737
1 0.566013 0.253448 0.0160786 0.310835 0.688978
2 0.750134 0.375688 0.0169237 0.0228684 0.650182
4 0.42268 0.671737 0.0257746 0.0325649 0.265799
