0 0.501076 0.467548 0.0251631 0.0446683 0.931583
4 0.808908 0.658525 0.0498549 0.0401052 0.849711
1 0.873322 0.551481 0.0475929 0.843247 0.82878
2 0.613933 0.799556 0.0246 0.0427601 0.80847
2 0.282668 0.730223 0.0318964 0.0479508 0.794162
2 0.62035 0.510944 0.0147009 0.0232686 0.692896
2 0.16751 0.467512 0.0137086 0.0157685 0.650142
3 0.153741 0.430021 0.0157544 0.0156523 0.643387
1 0.252457 0.329456 0.0115746 0.192531 0.592892
1 0.880671 0.572612 0.0370495 0.837852 0.581144
3 0.239985 0.423711 0.0130952 0.0140046 0.515479
4 0.528823 0.502711 0.0228722 0.0219011 0.479753
3 0.805593 0.465205 0.0184027 0.0201441 0.410526
3 0.237335 0.423403 0.0145188 0.0160025 0.310056
1 0.458638 0.320869 0.00689752 0.170961 0.290958
4 0.442512 0.465049 0.0175977 0.0187932 0.28367
