0 0.553525 0.490751 0.0353539 0.0635979 0.935082
4 0.591161 0.555445 0.0351459 0.0363551 0.836187
2 0.569478 0.380844 0.0153631 0.0186018 0.791489
2 0.0661572 0.398766 0.0159483 0.0197521 0.713939
1 0.252181 0.267274 0.0150478 0.232936 0.700831
2 0.114208 0.459325 0.0185063 0.0228918 0.673099
3 0.240589 0.383201 0.0140123 0.0164343 0.638999
3 0.534593 0.360871 0.013643 0.0165646 0.622887
3 0.126447 0.395367 0.0197731 0.0199201 0.5855
3 0.617901 0.354129 0.0116902 0.0145835 0.542541
4 0.436572 0.407721 0.0342656 0.0162245 0.534078
1 0.516833 0.251636 0.00774806 0.211152 0.530401
2 0.65914 0.350266 0.0132102 0.0140481 0.404626
3 0.24026 0.385003 0.0179467 0.0202825 0.385044
