4 0.670789 0.891825 0.0598139 0.0711737 0.921344
0 0.616229 0.765639 0.0433332 0.0804222 0.910109
4 0.452251 0.525529 0.0425206 0.0309885 0.860002
3 0.0923872 0.49159 0.0223911 0.0230359 0.823314
2 0.021184 0.504708 0.0211385 0.0238492 0.785452
2 0.235835 0.528385 0.0168397 0.0213405 0.772225
3 0.225402 0.468969 0.0193228 0.0242647 0.762026
2 0.0708251 0.651324 0.0218988 0.0285483 0.717266
1 0.237776 0.330368 0.0202867 0.271948 0.704948
3 0.650956 0.399706 0.0162417 0.0189228 0.694303
2 0.776347 0.494227 0.0212883 0.0281412 0.650791
1 0.539844 0.297332 0.0111295 0.245679 0.64165
3 0.556879 0.415894 0.0158003 0.0213266 0.639619
2 0.600734 0.460354 0.018635 0.0202194 0.493644
2 0.691077 0.391504 0.0115436 0.016581 0.263614
