0 0.553448 0.490707 0.0353334 0.0635301 0.937709
4 0.591094 0.555472 0.0351528 0.03638 0.833322
2 0.569515 0.380559 0.0149372 0.0183399 0.792995
2 0.0660689 0.398755 0.0158941 0.0195718 0.711521
1 0.252174 0.267549 0.0150274 0.232493 0.695584
2 0.114247 0.459233 0.0185676 0.0230017 0.669594
3 0.240495 0.383313 0.0142619 0.016513 0.639372
3 0.534878 0.360916 0.01358 0.0164541 0.592421
3 0.126564 0.395234 0.0196401 0.0198055 0.561143
4 0.436503 0.407596 0.03386 0.0159191 0.553684
1 0.517034 0.251602 0.00757083 0.211172 0.525405
3 0.617694 0.353879 0.0114238 0.0145283 0.50529
2 0.659475 0.350547 0.0128084 0.0139698 0.448523
3 0.240155 0.384999 0.0181093 0.0205867 0.40128
