0 0.536526 0.488193 0.0356165 0.0662942 0.887864
3 0.118779 0.438398 0.0250725 0.0342871 0.785484
3 0.832805 0.295681 0.0139366 0.0158407 0.758703
2 0.871733 0.359336 0.0145866 0.0199787 0.702188
1 0.723349 0.184832 0.0155363 0.213614 0.615745
3 0.735806 0.289435 0.0125899 0.015388 0.605945
1 0.480826 0.174574 0.00700235 0.201249 0.594709
3 0.665936 0.485178 0.0222956 0.0328051 0.546757
2 0.880428 0.297442 0.0130234 0.016875 0.541113
3 0.431336 0.468994 0.0198143 0.0281896 0.499238
1 0.72405 0.18585 0.0100847 0.219856 0.31739
2 0.7411 0.318468 0.0126105 0.0148176 0.303688
