4 0.313861 0.954721 0.0903248 0.0905587 0.936791
0 0.482115 0.498304 0.0373926 0.0674621 0.924863
4 0.554528 0.332603 0.0310338 0.0174128 0.743188
3 0.0745264 0.445381 0.0242026 0.0366503 0.735246
1 0.695519 0.187824 0.0122146 0.207894 0.665639
3 0.707347 0.293571 0.0115267 0.0129862 0.664846
1 0.453171 0.183413 0.00823403 0.203152 0.4962
2 0.835005 0.36639 0.0162307 0.0205131 0.495593
2 0.291367 0.333354 0.0138793 0.0172934 0.486674
2 0.419873 0.308864 0.0124584 0.0149565 0.381067
1 0.693167 0.190661 0.0146569 0.216033 0.316519
3 0.384753 0.47484 0.0211412 0.0291185 0.315171
