2 0.581867 0.489175 0.0225136 0.0249483 0.839378
3 0.653119 0.819519 0.0280386 0.0532401 0.817046
4 0.272986 0.430595 0.0399161 0.0259391 0.786496
1 0.202605 0.234972 0.0171428 0.224473 0.76667
3 0.603809 0.383171 0.0230106 0.023592 0.733267
3 0.195523 0.355483 0.0156182 0.0211386 0.685835
3 0.494371 0.377187 0.0162445 0.0183951 0.684733
2 0.471854 0.419229 0.0182665 0.0174265 0.658593
4 0.0116343 0.70863 0.0230084 0.056498 0.655516
1 0.47709 0.254146 0.0114902 0.24822 0.61787
2 0.141044 0.392044 0.0185637 0.0204493 0.611633
2 0.659467 0.387144 0.0160659 0.0207659 0.60125
3 0.0999296 0.34969 0.0179106 0.0224716 0.274565
