1 0.515562 0.95231 0.00924702 0.0740062 0.653232
3 0.409692 0.815576 0.0143218 0.0165166 0.561818
2 0.308563 0.964036 0.0132515 0.0164285 0.466463
3 0.681053 0.757361 0.0102978 0.0133699 0.434156
3 0.339634 0.912323 0.0157564 0.0159776 0.420816
1 0.622321 0.706134 0.00883408 0.0759389 0.402851
1 0.366652 0.952793 0.00972766 0.0814521 0.374471
1 0.368449 0.963812 0.0100925 0.0644865 0.31191
2 0.648695 0.799447 0.0125521 0.018385 0.294983
2 0.48243 0.714661 0.0117571 0.0144009 0.287003
2 0.308074 0.961019 0.0126311 0.018909 0.268493
2 0.515429 0.744442 0.00973769 0.0135838 0.265332
2 0.605314 0.962747 0.011574 0.0238377 0.254805
1 0.529699 0.686849 0.00576532 0.0758111 0.252681
