0 0.498242 0.462861 0.0234903 0.0430506 0.934262
2 0.240676 0.680823 0.0352123 0.0436261 0.814603
2 0.561206 0.738212 0.0272771 0.0497462 0.806687
1 0.796779 0.46184 0.0343277 0.862523 0.647401
1 0.262139 0.342017 0.00889625 0.18669 0.61942
3 0.164429 0.436304 0.0161764 0.015479 0.608919
1 0.801095 0.416612 0.0305634 0.753426 0.528539
1 0.469668 0.332972 0.00741949 0.179517 0.470372
3 0.773819 0.901021 0.0294143 0.0369085 0.436368
2 0.173385 0.463281 0.0140249 0.0161901 0.427765
3 0.614883 0.497656 0.0188319 0.0233943 0.409798
1 0.994178 0.789063 0.0116435 0.421873 0.352472
1 0.790522 0.673793 0.0416824 0.434725 0.300247
3 0.113759 0.538886 0.0192147 0.0244207 0.297583
2 0.116177 0.440115 0.0147806 0.0171136 0.293051
4 0.76663 0.626032 0.0233715 0.028347 0.288249
