0 0.737524 0.863567 0.0759635 0.130357 0.945177
4 0.460919 0.496411 0.0575781 0.0390481 0.865431
3 0.16841 0.427242 0.0206386 0.0248108 0.826645
1 0.183435 0.249546 0.0286147 0.350316 0.799553
2 0.884435 0.457782 0.021628 0.028272 0.75539
2 0.64975 0.417385 0.0208037 0.023862 0.673306
1 0.569818 0.214217 0.0126064 0.313633 0.631508
2 0.172503 0.498456 0.0206989 0.0265249 0.562147
2 0.752864 0.342373 0.0173575 0.0204631 0.501809
3 0.589451 0.366806 0.017948 0.0243173 0.489516
3 0.702114 0.350206 0.0184866 0.0191298 0.472543
