0 0.536564 0.488426 0.0356572 0.0665371 0.892317
3 0.118782 0.438711 0.0250011 0.0342638 0.777252
3 0.832877 0.295721 0.0137874 0.0156127 0.745799
2 0.871657 0.359268 0.0146896 0.0200248 0.710763
1 0.723357 0.184907 0.0156389 0.213621 0.611865
3 0.735851 0.289483 0.012613 0.0154475 0.601331
1 0.480781 0.174683 0.00699808 0.201371 0.591573
2 0.880439 0.297361 0.012986 0.0170313 0.543553
3 0.665932 0.485213 0.0226347 0.033216 0.534017
3 0.431345 0.46901 0.0196016 0.0277696 0.500165
2 0.323252 0.327686 0.0153258 0.0197944 0.368284
2 0.741033 0.318378 0.0126348 0.0147975 0.341343
1 0.724048 0.186006 0.010105 0.219632 0.313357
