4 0.730263 0.537836 0.042114 0.039078 0.930667
4 0.171945 0.872257 0.0940148 0.0879907 0.920362
0 0.668814 0.547729 0.0431436 0.0815767 0.903803
2 0.108395 0.50834 0.0236322 0.0342841 0.827609
2 0.680777 0.319951 0.0158992 0.0212786 0.765225
1 0.916617 0.186721 0.0254238 0.240782 0.668095
3 0.424519 0.369719 0.0271446 0.0273207 0.579911
2 0.760544 0.267066 0.0151719 0.0175188 0.527233
4 0.976559 0.391527 0.0352662 0.0206472 0.526017
3 0.799133 0.276508 0.0161706 0.0198222 0.487923
1 0.920786 0.184922 0.0199402 0.233205 0.474292
2 0.838803 0.324804 0.0202095 0.0249738 0.302197
