0 0.536525 0.488191 0.0356126 0.0662837 0.887815
3 0.118917 0.438354 0.025069 0.034085 0.782768
3 0.832809 0.295683 0.0139303 0.0158357 0.758697
2 0.871729 0.359326 0.0145818 0.0199756 0.702162
1 0.723348 0.184837 0.0155311 0.213614 0.615677
3 0.735805 0.289432 0.0125812 0.0153786 0.605822
1 0.480828 0.174589 0.00702382 0.201266 0.596749
3 0.665928 0.485172 0.0222546 0.032753 0.542602
2 0.880427 0.297438 0.0130146 0.0168666 0.540958
3 0.431284 0.468949 0.0198004 0.0282529 0.455336
1 0.724052 0.185828 0.0100792 0.219843 0.318356
2 0.741099 0.318463 0.012596 0.0148002 0.30414
