0 0.547428 0.488174 0.0355821 0.0674018 0.854503
4 0.385637 0.946837 0.0777631 0.106325 0.812535
3 0.145244 0.426732 0.0244306 0.0351203 0.790878
3 0.769861 0.290983 0.014103 0.0155012 0.785615
3 0.869648 0.298226 0.0161691 0.018578 0.665883
1 0.758032 0.183922 0.0196409 0.214483 0.653568
2 0.904811 0.364891 0.0166577 0.0213671 0.64638
1 0.512755 0.175103 0.00835445 0.20741 0.580969
2 0.478881 0.296575 0.0126409 0.0166539 0.564737
3 0.682034 0.49003 0.0220713 0.0342409 0.533477
2 0.353005 0.320346 0.0152457 0.0190803 0.383404
