0 0.555968 0.525363 0.0343957 0.0626001 0.928075
4 0.594589 0.603913 0.0402955 0.0430061 0.898669
4 0.432946 0.39405 0.040204 0.0200996 0.730252
2 0.0616384 0.380482 0.0169607 0.0214263 0.71814
3 0.530681 0.320548 0.0151625 0.0191737 0.696894
1 0.247449 0.234708 0.0174804 0.235132 0.678559
2 0.112166 0.468805 0.0172907 0.0238962 0.672488
2 0.566803 0.351871 0.0180628 0.0197488 0.67116
2 0.710773 0.373458 0.0185083 0.0299994 0.65852
3 0.236537 0.358462 0.0172847 0.0228363 0.656113
3 0.1231 0.373182 0.0191957 0.0217962 0.637364
3 0.615709 0.310883 0.0147202 0.0168223 0.627964
1 0.514242 0.213373 0.00866825 0.219148 0.567483
2 0.248078 0.395461 0.0165607 0.0190455 0.537304
3 0.612529 0.310609 0.016525 0.0177404 0.413544
