0 0.553529 0.490752 0.0353502 0.0635923 0.936217
4 0.591159 0.55545 0.0351137 0.0362501 0.836195
2 0.569482 0.380835 0.0152666 0.0185335 0.791705
2 0.0661772 0.398733 0.015969 0.0197203 0.714003
1 0.252183 0.267246 0.0150512 0.23297 0.700997
2 0.114203 0.459323 0.0185125 0.0228883 0.673374
3 0.240585 0.3832 0.0140063 0.0164358 0.639181
3 0.534615 0.360859 0.0136253 0.0165379 0.624217
3 0.126489 0.395356 0.0197319 0.0198746 0.580549
4 0.436598 0.407753 0.0342978 0.0162515 0.541149
3 0.617902 0.354099 0.0116067 0.0145334 0.54051
1 0.516849 0.251578 0.00769255 0.211249 0.529301
2 0.659112 0.350186 0.0129748 0.013979 0.420192
3 0.240259 0.384997 0.0179364 0.0202812 0.384893
