0 0.492575 0.46947 0.0232475 0.041897 0.932106
4 0.51404 0.509442 0.0215823 0.0187951 0.856627
3 0.103727 0.556584 0.0203359 0.0218547 0.808896
2 0.475157 0.850889 0.036194 0.0545037 0.803666
1 0.654767 0.595425 0.0363746 0.794228 0.780283
1 0.822964 0.713553 0.0574142 0.572894 0.773569
2 0.178561 0.752641 0.0242302 0.0355408 0.746456
1 0.486646 0.317327 0.00713132 0.173331 0.640449
1 0.277841 0.319383 0.0113138 0.183158 0.61006
3 0.42062 0.515348 0.0163822 0.0249254 0.490092
4 0.416793 0.42729 0.0196388 0.0127147 0.457971
3 0.135794 0.424246 0.0142923 0.0164095 0.395136
2 0.63574 0.420526 0.012996 0.0179653 0.354608
