0 0.566479 0.651916 0.0331763 0.0643486 0.924286
4 0.60457 0.741785 0.0438215 0.0485221 0.90158
2 0.120804 0.576439 0.0189627 0.0243652 0.832464
4 0.441688 0.480768 0.0393854 0.0254827 0.817496
2 0.0682179 0.464332 0.0192047 0.0216952 0.80936
2 0.573204 0.428546 0.0155733 0.0210041 0.77162
1 0.253244 0.311173 0.018303 0.234821 0.76991
3 0.616587 0.377444 0.0130535 0.0171714 0.676118
4 0.413185 0.582947 0.022747 0.0320604 0.644483
3 0.128581 0.453958 0.0197002 0.0206634 0.641931
2 0.254434 0.483471 0.0179512 0.0191939 0.632565
1 0.520269 0.283397 0.00872881 0.217473 0.627702
3 0.534974 0.390916 0.013016 0.0181011 0.571536
3 0.2432 0.438873 0.0177997 0.0198616 0.524689
2 0.730521 0.461444 0.0187988 0.0350523 0.495492
2 0.725262 0.459823 0.0193416 0.0312336 0.427776
2 0.66105 0.373369 0.0141262 0.0180753 0.417994
