0 0.536564 0.488435 0.035663 0.0665557 0.892757
3 0.118798 0.438707 0.0250108 0.0342716 0.777737
3 0.832878 0.29572 0.0137928 0.0156129 0.745804
2 0.871657 0.35927 0.0147009 0.0200329 0.710955
1 0.723358 0.184906 0.0156401 0.213616 0.612425
3 0.73585 0.28949 0.0126154 0.0154515 0.601572
1 0.480783 0.174686 0.00698433 0.201382 0.589927
2 0.880439 0.297361 0.0129921 0.0170335 0.543546
3 0.665937 0.485219 0.0226524 0.0332454 0.537306
3 0.431293 0.469009 0.0196838 0.0277589 0.51025
2 0.323183 0.327736 0.0152764 0.019705 0.38199
2 0.741034 0.318381 0.0126478 0.0148048 0.340906
1 0.724045 0.185992 0.0101042 0.219669 0.313842
