0 0.441745 0.494456 0.0425097 0.0768837 0.914139
4 0.543599 0.311331 0.0319564 0.0190204 0.755329
3 0.708841 0.273137 0.0148198 0.0171264 0.754001
2 0.394037 0.287282 0.0151297 0.0175895 0.718199
1 0.696594 0.159035 0.0174202 0.230569 0.678308
1 0.43329 0.152922 0.00908852 0.223518 0.615801
2 0.711989 0.302581 0.0144418 0.0190136 0.614974
2 0.853003 0.348401 0.0186909 0.023561 0.527741
3 0.42035 0.264844 0.0145625 0.0185382 0.473514
2 0.866108 0.284705 0.0168933 0.0198595 0.44086
3 0.331954 0.259532 0.016106 0.0179657 0.282238
