0 0.493726 0.469334 0.0237606 0.0429849 0.939288
2 0.49049 0.849627 0.0340347 0.0536341 0.830097
3 0.104759 0.559375 0.0210861 0.0222289 0.795879
1 0.860637 0.712822 0.0624249 0.574357 0.793121
1 0.681608 0.600899 0.0420944 0.770402 0.769672
2 0.190155 0.752936 0.0263613 0.0342415 0.76096
4 0.515232 0.508213 0.0198429 0.0176562 0.745315
1 0.48322 0.314977 0.00809029 0.172369 0.550883
4 0.442805 0.466478 0.0176642 0.0224627 0.494302
1 0.275849 0.318302 0.00773621 0.189477 0.483972
3 0.132551 0.423717 0.0142976 0.0160089 0.411111
1 0.275899 0.32135 0.012514 0.18712 0.399886
3 0.177881 0.418121 0.0122197 0.0144905 0.317598
2 0.18072 0.460583 0.0139798 0.0177805 0.296373
3 0.423282 0.515498 0.0167048 0.025261 0.251808
