0 0.497915 0.462768 0.0227676 0.0428392 0.937753
2 0.240586 0.680796 0.0350856 0.0434405 0.811751
2 0.561355 0.738444 0.0272191 0.0491105 0.811299
1 0.796729 0.46476 0.0342482 0.854767 0.650404
3 0.164367 0.436365 0.0163493 0.0153774 0.618383
1 0.262269 0.342015 0.00867158 0.186793 0.616062
1 0.80066 0.414852 0.0307838 0.746249 0.493195
3 0.773904 0.900998 0.0300525 0.0372678 0.471627
1 0.46949 0.335131 0.00758246 0.176102 0.468651
3 0.614772 0.497659 0.0193537 0.0235202 0.445101
2 0.1734 0.463363 0.0141738 0.0160997 0.427886
2 0.11629 0.439879 0.0152908 0.0175739 0.371071
4 0.766938 0.626155 0.0232006 0.028312 0.355035
1 0.994044 0.794672 0.0119125 0.410656 0.33849
3 0.113616 0.538922 0.0191843 0.0239584 0.318293
1 0.790288 0.671722 0.0386244 0.434453 0.312627
