0 0.493346 0.486223 0.025169 0.0461023 0.920308
4 0.514388 0.532865 0.0210885 0.0231837 0.889407
3 0.106893 0.600035 0.0189481 0.0212245 0.809421
1 0.663612 0.76437 0.0364481 0.470533 0.797488
3 0.18032 0.404155 0.0127613 0.0154788 0.774678
2 0.635171 0.407912 0.0166696 0.0201785 0.750176
2 0.18857 0.865115 0.0254157 0.0348201 0.697109
1 0.276831 0.300206 0.0119234 0.181052 0.66172
2 0.182703 0.461405 0.0140656 0.0183302 0.587775
4 0.417354 0.419543 0.0271812 0.013693 0.573295
2 0.477568 0.985987 0.0297209 0.0280261 0.50945
1 0.485883 0.288237 0.00710221 0.174582 0.50592
4 0.363661 0.447865 0.0217358 0.0183568 0.456902
1 0.276319 0.293187 0.00780216 0.181518 0.438611
3 0.268321 0.394712 0.0148966 0.0166797 0.408264
2 0.276571 0.418655 0.0147942 0.0144834 0.347094
2 0.134863 0.407959 0.0145785 0.01535 0.284855
