0 0.52207 0.485382 0.030442 0.0531465 0.912411
4 0.913233 0.90821 0.0846527 0.0897432 0.904458
4 0.550381 0.537583 0.0259161 0.0289143 0.848431
3 0.031747 0.618738 0.0270538 0.0356756 0.846521
3 0.152422 0.402086 0.0171962 0.0193275 0.767968
2 0.147314 0.460862 0.0149493 0.0207882 0.646333
1 0.263945 0.283908 0.0124753 0.215783 0.642792
3 0.909398 0.480966 0.0290657 0.0306848 0.577522
4 0.4275 0.417074 0.0305977 0.0162338 0.371561
2 0.0994125 0.405357 0.0170784 0.0188301 0.33027
1 0.502898 0.27231 0.00834043 0.195903 0.291991
