0 0.620714 0.516845 0.0385473 0.0702635 0.925178
4 0.248698 0.921159 0.0829827 0.0969477 0.895708
4 0.810405 0.357335 0.0343275 0.0209011 0.811237
4 0.659525 0.504774 0.0321505 0.0341874 0.8105
2 0.540955 0.318222 0.0171323 0.0257248 0.727638
3 0.627879 0.273379 0.0142223 0.0164227 0.666212
3 0.306634 0.389929 0.0273198 0.032893 0.665932
1 0.730037 0.185035 0.0123959 0.216448 0.575787
1 0.732649 0.182175 0.0130173 0.212829 0.443698
2 0.676859 0.309242 0.0181252 0.0218223 0.43106
2 0.589571 0.265454 0.013815 0.0169984 0.379183
2 0.0118938 0.574422 0.0223329 0.0405396 0.352947
3 0.625274 0.273233 0.0153576 0.0167772 0.327601
3 0.710805 0.288663 0.0141015 0.0193857 0.274698
