0 0.536535 0.488118 0.0356577 0.0661583 0.886345
3 0.118735 0.438623 0.0249346 0.034155 0.784427
3 0.832836 0.295598 0.0138888 0.0157655 0.768535
2 0.871568 0.359225 0.0146185 0.0199653 0.707842
1 0.723327 0.18504 0.015572 0.213872 0.610644
3 0.735806 0.289629 0.012529 0.0153516 0.602693
1 0.480777 0.174877 0.00705034 0.200815 0.585664
2 0.880215 0.297334 0.0129284 0.0168631 0.545409
3 0.665859 0.48532 0.0224615 0.0331372 0.516758
3 0.431223 0.469067 0.0196771 0.0280651 0.491946
2 0.741002 0.318429 0.0126312 0.0148869 0.329445
2 0.323291 0.327653 0.0153613 0.0198157 0.328824
1 0.724034 0.185936 0.0101176 0.220063 0.313438
