0 0.536542 0.488126 0.0356645 0.0661054 0.885548
3 0.118723 0.438631 0.0249412 0.0341368 0.784173
3 0.832837 0.295595 0.0138872 0.0157602 0.768637
2 0.871569 0.359227 0.0146165 0.0199595 0.708174
1 0.723327 0.185041 0.0155753 0.21388 0.61012
3 0.735807 0.289626 0.0125265 0.0153448 0.60253
1 0.480778 0.174867 0.00704936 0.200802 0.585469
2 0.880215 0.297336 0.0129275 0.0168593 0.546018
3 0.665858 0.485322 0.0224466 0.0330983 0.513137
3 0.431197 0.469034 0.0196598 0.0280611 0.47549
2 0.741002 0.318424 0.0126287 0.0148771 0.33023
1 0.724033 0.185936 0.0101196 0.220055 0.312809
2 0.323364 0.327473 0.015298 0.019969 0.291613
