2 0.731969 0.755936 0.0305225 0.0339393 0.834522
4 0.325381 0.628434 0.0442691 0.0343277 0.826609
2 0.8377 0.601106 0.0236751 0.0231171 0.731577
2 0.185833 0.564142 0.0209822 0.0235096 0.661785
2 0.581366 0.629919 0.0225443 0.0208446 0.641875
3 0.612296 0.573336 0.018607 0.0219356 0.620907
3 0.75999 0.591479 0.0237011 0.0262485 0.61958
1 0.594524 0.409605 0.0124958 0.304606 0.592909
3 0.161106 0.508374 0.0183579 0.0208283 0.553367
1 0.275123 0.383728 0.0144867 0.27199 0.526746
3 0.261291 0.522287 0.0162734 0.0198094 0.322248
1 0.275002 0.380308 0.0102621 0.287675 0.252024
