4 0.312335 0.955105 0.085016 0.0869496 0.934151
0 0.482048 0.498614 0.0370785 0.0665372 0.921695
4 0.55405 0.332088 0.0287789 0.0158586 0.755221
3 0.0757888 0.445496 0.0236633 0.0343736 0.723917
1 0.695043 0.187485 0.0125179 0.207278 0.677332
3 0.707022 0.294188 0.011806 0.0133529 0.610805
1 0.453256 0.184865 0.0082012 0.205035 0.528701
2 0.419686 0.308877 0.0131772 0.0155031 0.499714
1 0.692682 0.191864 0.0147119 0.218867 0.450458
2 0.290534 0.334293 0.0146807 0.018306 0.438856
2 0.834274 0.366581 0.0172272 0.0204403 0.434088
