0 0.493409 0.486142 0.0251309 0.046195 0.920956
4 0.514143 0.532912 0.02053 0.0224612 0.877516
3 0.10692 0.59985 0.0188077 0.0212589 0.81043
1 0.663376 0.764256 0.0364676 0.469534 0.800397
3 0.180109 0.40413 0.0124867 0.0154626 0.765975
2 0.635225 0.408146 0.0163076 0.0200557 0.709588
2 0.188671 0.864994 0.0251765 0.034412 0.695064
1 0.276829 0.300593 0.0119305 0.182082 0.664254
4 0.417306 0.419558 0.0271916 0.0137693 0.564336
2 0.182646 0.46117 0.0142094 0.0184194 0.559268
4 0.363649 0.447734 0.0219186 0.0187686 0.519702
1 0.485827 0.288298 0.00709551 0.173924 0.48213
2 0.477761 0.985987 0.0294622 0.0280251 0.480802
1 0.276314 0.293461 0.00782204 0.181619 0.433997
3 0.134943 0.407654 0.0145175 0.015047 0.39908
3 0.268318 0.394911 0.0148505 0.0167667 0.390028
2 0.276655 0.418742 0.0149566 0.0146124 0.378067
3 0.596452 0.381164 0.0181441 0.0220094 0.325481
