0 0.522835 0.493013 0.035335 0.0697587 0.891758
3 0.109598 0.441469 0.024453 0.0369075 0.769493
4 0.579614 0.328955 0.0304603 0.0181209 0.725456
1 0.71649 0.1855 0.0160628 0.211313 0.690082
4 0.387994 0.952186 0.0827958 0.0956275 0.665646
1 0.475498 0.180693 0.00707075 0.206386 0.650931
2 0.86139 0.363641 0.0156907 0.0200306 0.608481
2 0.315645 0.331247 0.0149339 0.0169041 0.537512
3 0.826329 0.299079 0.0156998 0.0175721 0.454349
3 0.727968 0.290858 0.0126421 0.0145555 0.418545
2 0.442751 0.305408 0.0132482 0.0159876 0.305216
2 0.734883 0.320765 0.0131429 0.0170113 0.282182
4 0.333093 0.833752 0.181615 0.331051 0.264585
