0 0.394024 0.489119 0.051161 0.0903595 0.945698
4 0.52549 0.29049 0.0377893 0.0192362 0.758722
1 0.695762 0.127385 0.0163841 0.243657 0.693828
3 0.711306 0.25176 0.0148375 0.0171159 0.651223
4 0.430398 0.469541 0.0262884 0.0391207 0.639748
2 0.367795 0.266307 0.0149957 0.0165125 0.615059
1 0.412762 0.119684 0.0118284 0.238544 0.606142
2 0.872139 0.329016 0.0175766 0.0208856 0.593084
2 0.88311 0.26241 0.0153816 0.0192535 0.55518
3 0.397221 0.24378 0.0149737 0.0175613 0.384347
3 0.711812 0.256564 0.0152133 0.0191244 0.293041
2 0.715183 0.28327 0.0156798 0.0193108 0.284474
3 0.298774 0.239528 0.016172 0.0200002 0.256213
