0 0.498288 0.462685 0.0232857 0.042919 0.933926
2 0.240596 0.68064 0.0351023 0.0431775 0.813975
2 0.561399 0.738238 0.0274841 0.0497716 0.80599
1 0.796728 0.463603 0.0345438 0.864182 0.658743
1 0.262231 0.342092 0.00878515 0.186134 0.62229
3 0.164355 0.436566 0.0163127 0.0154269 0.609691
1 0.801141 0.413321 0.0305847 0.746478 0.553345
1 0.469631 0.332216 0.00739497 0.179519 0.479679
2 0.173381 0.46334 0.0140234 0.0161519 0.432746
3 0.614808 0.497692 0.0191909 0.0235995 0.400679
3 0.773994 0.901203 0.0298452 0.0368643 0.393655
3 0.113766 0.539042 0.0191636 0.0246761 0.359007
1 0.994113 0.785511 0.0117737 0.428978 0.337195
4 0.766803 0.626073 0.0231566 0.0285255 0.309573
1 0.79045 0.67498 0.0415684 0.434795 0.308664
2 0.116393 0.439785 0.0149965 0.0175005 0.295505
2 0.614979 0.501267 0.0190033 0.0246766 0.268101
