0 0.55349 0.490661 0.0353515 0.0635461 0.937007
4 0.591134 0.555364 0.0351082 0.0361421 0.836159
2 0.569462 0.380823 0.0151694 0.0182205 0.77961
4 0.389083 0.492524 0.0226484 0.0271082 0.750209
1 0.25213 0.26708 0.0151758 0.233137 0.711729
2 0.0659002 0.398816 0.0156551 0.0193156 0.707133
2 0.114128 0.459385 0.0183532 0.0227712 0.669999
3 0.240615 0.383417 0.0139966 0.0164439 0.64238
3 0.534859 0.360917 0.0137493 0.0165616 0.599288
3 0.126611 0.395244 0.0197422 0.0196003 0.547015
1 0.517047 0.251803 0.00758803 0.208417 0.52555
3 0.617601 0.354022 0.0112925 0.0141149 0.514439
4 0.436521 0.407762 0.0348932 0.0162854 0.479796
2 0.659107 0.35027 0.0132464 0.0142007 0.397679
3 0.240217 0.385169 0.0179071 0.0202356 0.39307
