0 0.53657 0.488379 0.0357592 0.0665244 0.887963
3 0.118687 0.438523 0.0249534 0.0339071 0.786591
3 0.833121 0.295778 0.013808 0.0157369 0.75347
2 0.871839 0.359349 0.014677 0.0199621 0.700397
1 0.723289 0.184905 0.0156625 0.213688 0.625681
3 0.735883 0.289651 0.0125663 0.0153766 0.60458
1 0.480769 0.174767 0.00696976 0.200839 0.586862
2 0.880519 0.297472 0.0129738 0.0168624 0.551513
3 0.665921 0.485249 0.0222033 0.032697 0.497265
3 0.431276 0.469066 0.0196989 0.0282085 0.47217
2 0.740849 0.318431 0.0126268 0.0148544 0.310016
1 0.724009 0.186117 0.0101273 0.219341 0.30059
2 0.323244 0.327553 0.0150589 0.0195499 0.251814
