0 0.394026 0.489121 0.0511838 0.0903469 0.945267
4 0.525506 0.290515 0.0379593 0.0193026 0.76138
1 0.695755 0.127333 0.0163588 0.243761 0.692156
3 0.711307 0.251764 0.0148401 0.0171101 0.650379
4 0.430407 0.469531 0.0263158 0.0391073 0.642242
2 0.367813 0.266255 0.0151262 0.0165506 0.618305
1 0.412764 0.119688 0.0118214 0.238481 0.605249
2 0.872138 0.329014 0.0175766 0.0208701 0.592292
2 0.883109 0.262407 0.0153786 0.0192471 0.554591
3 0.397273 0.243777 0.0149524 0.0175273 0.355295
3 0.711806 0.256561 0.0152124 0.019116 0.292217
2 0.715178 0.283271 0.0156833 0.0193097 0.284654
3 0.298777 0.239571 0.0162101 0.0199414 0.260628
