0 0.539393 0.487598 0.0357788 0.0659615 0.828977
2 0.880557 0.359053 0.0168806 0.019827 0.787699
3 0.843605 0.294372 0.0155716 0.0158841 0.784779
3 0.127826 0.4336 0.0270715 0.0359837 0.744608
4 0.406543 0.945709 0.082256 0.106298 0.675491
1 0.733706 0.18034 0.0177448 0.212194 0.635536
3 0.671608 0.486441 0.0226744 0.036341 0.592795
3 0.746009 0.289895 0.0141642 0.0151935 0.543064
2 0.458828 0.297443 0.0130615 0.0165527 0.514486
2 0.331549 0.321781 0.0152344 0.019681 0.478202
1 0.489355 0.171909 0.00734823 0.199912 0.46267
4 0.595643 0.320742 0.0324407 0.0171825 0.402344
2 0.89293 0.296348 0.0146477 0.0176211 0.371632
1 0.490744 0.170917 0.00783138 0.202215 0.346725
2 0.750726 0.314433 0.0141174 0.0155999 0.294923
2 0.458431 0.299761 0.0127165 0.0140522 0.272881
