0 0.555541 0.524156 0.0348776 0.0652012 0.928957
4 0.595021 0.601539 0.0389299 0.0428602 0.877139
4 0.433676 0.394705 0.0360986 0.0205701 0.796266
2 0.0608401 0.381681 0.0169469 0.0213201 0.733677
1 0.247745 0.234903 0.0172842 0.235278 0.720183
3 0.237738 0.358361 0.0169623 0.020127 0.718534
3 0.123055 0.374396 0.0190262 0.0218337 0.71059
2 0.566309 0.35365 0.0173879 0.0199156 0.706329
2 0.112147 0.468766 0.0171222 0.0239425 0.660876
2 0.248112 0.396468 0.0160034 0.0183328 0.601956
1 0.514222 0.21482 0.00861818 0.218104 0.567489
3 0.608618 0.31223 0.0144588 0.0171366 0.554192
3 0.529524 0.321676 0.014851 0.0197069 0.548989
2 0.709455 0.37068 0.0249529 0.0397663 0.456641
2 0.653109 0.307453 0.0147687 0.0167199 0.408819
4 0.405215 0.441103 0.0215561 0.0218765 0.39632
3 0.614182 0.313401 0.014506 0.0166375 0.346461
