3 0.649775 0.837048 0.0287502 0.0509907 0.830706
4 0.23407 0.401246 0.0437119 0.0238102 0.825236
2 0.5726 0.463213 0.0222139 0.0241926 0.788766
2 0.659419 0.358708 0.0165545 0.0218337 0.780844
2 0.0958984 0.36239 0.0194859 0.0220879 0.75616
3 0.597551 0.354203 0.019606 0.0244228 0.734336
1 0.166098 0.197064 0.020846 0.253049 0.72417
3 0.0560568 0.319284 0.017801 0.0190853 0.591849
1 0.458944 0.207144 0.011741 0.270208 0.551418
2 0.451696 0.392893 0.0179994 0.0208981 0.33838
3 0.477269 0.348939 0.0174971 0.0215486 0.273136
