0 0.441734 0.494469 0.0425264 0.0768926 0.915183
4 0.5436 0.311333 0.0318979 0.0190217 0.755539
3 0.708808 0.273132 0.0148322 0.0171428 0.754203
2 0.394034 0.287269 0.0151332 0.0176236 0.718951
1 0.696589 0.159063 0.0174398 0.230602 0.678301
1 0.433288 0.15294 0.00907124 0.223525 0.617736
2 0.71199 0.302585 0.0144575 0.0190452 0.614178
2 0.853006 0.348403 0.0186978 0.0235951 0.530053
3 0.420347 0.264835 0.0145613 0.0185753 0.469424
2 0.866106 0.284708 0.0169067 0.0198858 0.443157
3 0.331954 0.259492 0.01619 0.0178198 0.288538
