0 0.577641 0.735474 0.0343501 0.064784 0.924299
4 0.617798 0.83238 0.0475367 0.0547211 0.905716
4 0.449524 0.53627 0.0378794 0.0279579 0.83951
2 0.730551 0.510528 0.0187409 0.0259574 0.81021
2 0.130766 0.643392 0.0196092 0.0245145 0.806264
3 0.136112 0.508841 0.0177897 0.0209979 0.792574
3 0.25056 0.488784 0.0179949 0.0216327 0.779967
3 0.626718 0.423557 0.014828 0.0190018 0.705205
2 0.0761812 0.517562 0.0205969 0.0208267 0.687161
1 0.261616 0.369237 0.0176937 0.231691 0.682604
2 0.262254 0.5399 0.0161478 0.0193607 0.600949
3 0.542765 0.438844 0.0156098 0.0200544 0.584244
1 0.526998 0.330764 0.00997094 0.215369 0.539814
2 0.580587 0.479038 0.0183768 0.0211948 0.486471
3 0.541347 0.436905 0.0143862 0.0207943 0.396162
2 0.665106 0.416585 0.0141932 0.0191186 0.374684
