4 0.232022 0.95144 0.047107 0.0490319 0.854873
0 0.173053 0.980038 0.0391096 0.038189 0.854046
2 0.717401 0.782701 0.022236 0.0235789 0.82074
4 0.441075 0.689289 0.0318888 0.0235725 0.80958
2 0.792728 0.670114 0.0177819 0.0202452 0.780415
2 0.256851 0.579804 0.0129619 0.0165811 0.762991
3 0.738478 0.661678 0.0201908 0.0216756 0.730528
3 0.636651 0.645052 0.0162445 0.0204723 0.672157
2 0.328484 0.638712 0.0159203 0.018684 0.66962
2 0.61472 0.691789 0.0175963 0.0172394 0.633218
1 0.383046 0.499943 0.00896069 0.192843 0.630997
1 0.620441 0.532573 0.00894098 0.223128 0.581819
3 0.371149 0.600933 0.0145884 0.0170882 0.43007
2 0.911835 0.42634 0.0164438 0.0256068 0.41855
3 0.292578 0.586381 0.0157482 0.0191067 0.390449
