0 0.493336 0.486228 0.0251608 0.0461189 0.921019
4 0.514433 0.532899 0.0210899 0.0230047 0.890783
3 0.106893 0.600038 0.0189544 0.0212367 0.809614
1 0.663619 0.764234 0.0364221 0.470326 0.799046
3 0.180326 0.40415 0.012771 0.0154904 0.77495
2 0.635248 0.407708 0.0161901 0.0199935 0.746729
2 0.188558 0.865132 0.025444 0.0348883 0.698741
1 0.276874 0.300269 0.011964 0.181261 0.6673
2 0.182705 0.461408 0.0140705 0.0183382 0.589804
4 0.417517 0.419646 0.0270393 0.0137218 0.585694
2 0.477607 0.986023 0.0298597 0.0279544 0.511388
1 0.485896 0.288222 0.00709665 0.174385 0.503718
4 0.363622 0.447879 0.0216846 0.0183479 0.459467
1 0.276343 0.29323 0.00781789 0.181529 0.431171
3 0.268337 0.394676 0.0149042 0.0166655 0.406415
2 0.276562 0.418676 0.0147899 0.014496 0.347839
3 0.591301 0.380731 0.0190973 0.022449 0.332686
2 0.134894 0.407914 0.0145455 0.0153207 0.276991
