0 0.536627 0.488294 0.0357845 0.0666633 0.885798
3 0.118817 0.438706 0.0249172 0.0341498 0.779075
3 0.832847 0.295658 0.0139301 0.0158614 0.756854
2 0.871631 0.359295 0.0147016 0.0201343 0.703871
1 0.723239 0.184924 0.0155506 0.213278 0.606156
3 0.735786 0.289471 0.0125277 0.0152668 0.596213
1 0.480723 0.174647 0.00700854 0.201201 0.588751
3 0.666016 0.485228 0.0224825 0.0328281 0.574454
2 0.880504 0.297522 0.0129587 0.0170593 0.52182
3 0.431335 0.468957 0.0192839 0.027539 0.492695
2 0.323321 0.327662 0.0152628 0.0198188 0.361448
2 0.741003 0.318417 0.0126561 0.014845 0.339828
1 0.723979 0.186045 0.0100887 0.219689 0.305449
