0 0.737523 0.863567 0.0759657 0.130358 0.945171
4 0.460919 0.49641 0.0575828 0.0390444 0.865614
3 0.16841 0.427242 0.020639 0.0248156 0.826892
1 0.183437 0.249553 0.0286139 0.350326 0.799758
2 0.884429 0.457793 0.0216448 0.0282886 0.755946
2 0.649755 0.417396 0.020805 0.0238796 0.67354
1 0.569825 0.214184 0.0126162 0.313691 0.632812
2 0.172504 0.498457 0.0207008 0.0265317 0.561875
2 0.752863 0.342377 0.0173793 0.0204813 0.500461
3 0.589452 0.366804 0.0179525 0.0243368 0.489419
3 0.702109 0.350201 0.0184946 0.0191411 0.473088
