0 0.570735 0.701652 0.0351317 0.0644712 0.946186
4 0.610245 0.795069 0.0439052 0.0538171 0.844253
4 0.444226 0.514743 0.0352003 0.0280742 0.843348
3 0.131109 0.486766 0.0186328 0.0213349 0.815764
3 0.623227 0.404278 0.0141352 0.0181078 0.806984
2 0.257339 0.517732 0.0169373 0.0201375 0.795666
2 0.0715439 0.496735 0.0185067 0.0220594 0.764433
1 0.25654 0.345114 0.0181196 0.236348 0.721661
3 0.246512 0.467397 0.0186971 0.0231953 0.695152
2 0.125087 0.618521 0.0177723 0.0231385 0.683944
2 0.724105 0.488147 0.0165554 0.0238596 0.642745
1 0.522019 0.312538 0.00967102 0.210397 0.60223
2 0.661776 0.397079 0.01442 0.0182096 0.594493
4 0.417992 0.624434 0.0216741 0.0309974 0.457486
3 0.538565 0.418234 0.0158348 0.0200571 0.439407
2 0.574834 0.460081 0.016769 0.0199383 0.347449
