0 0.570302 0.695853 0.0346946 0.0645547 0.925967
4 0.609752 0.790008 0.0465196 0.0535889 0.901393
4 0.445096 0.509993 0.0372683 0.0254432 0.870153
2 0.256539 0.513583 0.0169302 0.0197346 0.845987
2 0.0716964 0.493213 0.0186997 0.021945 0.823082
3 0.622324 0.400775 0.015393 0.018635 0.765365
1 0.255929 0.341923 0.0181323 0.236112 0.688092
3 0.131489 0.483152 0.0200418 0.0204531 0.66546
2 0.723733 0.485254 0.0161251 0.0225244 0.643168
3 0.245864 0.464659 0.0176897 0.0219145 0.624913
1 0.521882 0.30873 0.0101517 0.207128 0.562198
2 0.661814 0.395853 0.01394 0.0168942 0.534342
2 0.123458 0.612675 0.0186823 0.0270736 0.523127
4 0.41738 0.620106 0.0228609 0.0302556 0.460503
2 0.719209 0.486196 0.0175611 0.0257559 0.38759
3 0.538536 0.416408 0.0162147 0.0204723 0.37333
2 0.574871 0.455274 0.0168173 0.0216382 0.265637
1 0.523603 0.305466 0.00910168 0.214895 0.263839
