4 0.670795 0.891841 0.0598923 0.0712947 0.922077
0 0.616233 0.765663 0.043333 0.0804457 0.910716
4 0.452258 0.525514 0.0425446 0.0309404 0.860655
3 0.0923875 0.491609 0.0223747 0.0230473 0.823508
2 0.0211845 0.504726 0.0211135 0.0238643 0.786078
2 0.235859 0.528379 0.0168585 0.0213807 0.771561
3 0.225406 0.468984 0.0193489 0.0243065 0.76226
2 0.0708207 0.651345 0.0219024 0.0286037 0.715649
1 0.237773 0.330417 0.0202857 0.271894 0.704902
3 0.650962 0.399692 0.0162322 0.0188313 0.694968
2 0.776286 0.494268 0.0215076 0.0278976 0.653872
3 0.556888 0.415898 0.0158016 0.0213275 0.641499
1 0.53982 0.297372 0.0110708 0.245611 0.639279
2 0.600741 0.46037 0.0185993 0.0202183 0.490684
2 0.691081 0.391493 0.0115347 0.0165381 0.266496
