0 0.394023 0.489125 0.0511704 0.0903968 0.945856
4 0.525508 0.290511 0.037951 0.0193094 0.761202
1 0.695762 0.127385 0.016391 0.243661 0.693034
3 0.711309 0.251766 0.0148497 0.0171382 0.651742
4 0.430398 0.469554 0.0262795 0.039141 0.638094
2 0.367815 0.266255 0.0151301 0.0165862 0.620333
1 0.412767 0.119693 0.0118345 0.238462 0.606428
2 0.872141 0.329023 0.01758 0.0208997 0.593916
2 0.883111 0.262408 0.0153918 0.0192651 0.556486
3 0.397274 0.243786 0.0149604 0.0175574 0.358992
3 0.711818 0.25658 0.0152315 0.0191673 0.294124
2 0.715178 0.283262 0.0156994 0.0193309 0.285237
3 0.298773 0.239561 0.0161848 0.0200004 0.266019
