0 0.535283 0.488316 0.0363524 0.0661565 0.904105
3 0.11745 0.438291 0.0257536 0.0336043 0.800756
3 0.83223 0.295435 0.0137821 0.0157388 0.768867
2 0.871031 0.359537 0.0149082 0.01995 0.734815
1 0.722916 0.184356 0.0146378 0.215383 0.659955
3 0.735712 0.290546 0.0128124 0.0154388 0.626676
1 0.480027 0.175184 0.00779017 0.199826 0.608518
2 0.879059 0.297152 0.0128954 0.0168416 0.548307
3 0.430158 0.468491 0.020195 0.0277987 0.529958
2 0.322815 0.32755 0.0154944 0.0194902 0.354611
2 0.740052 0.317479 0.0130777 0.0150338 0.333725
1 0.719353 0.186157 0.00958597 0.212342 0.255381
