2 0.582037 0.489601 0.0216547 0.0234853 0.853172
3 0.653226 0.818867 0.0283741 0.0519867 0.825753
4 0.272934 0.430911 0.0401109 0.02627 0.786846
1 0.20246 0.235065 0.0171529 0.22444 0.763561
3 0.603642 0.383173 0.0228104 0.0231575 0.731168
3 0.494574 0.377445 0.0164872 0.0188785 0.708405
2 0.471982 0.419194 0.0181978 0.0172791 0.662995
4 0.0117256 0.707923 0.0229014 0.0537288 0.655655
3 0.195701 0.355385 0.0154127 0.0207242 0.654412
2 0.659577 0.387011 0.0157126 0.0205568 0.622011
2 0.141184 0.391858 0.0183719 0.0201299 0.612067
1 0.477226 0.25397 0.0115023 0.249192 0.608064
