0 0.492564 0.469561 0.0232645 0.0415948 0.935299
4 0.514087 0.509493 0.0216971 0.0188702 0.816715
2 0.475282 0.850847 0.0360604 0.0543946 0.811884
3 0.103453 0.557178 0.0203259 0.0215894 0.790026
1 0.654607 0.600013 0.0367855 0.787935 0.785266
1 0.822881 0.7136 0.0589664 0.5728 0.771419
2 0.178707 0.752995 0.0247645 0.035965 0.744135
1 0.277976 0.319771 0.0112851 0.182889 0.619936
1 0.486701 0.316192 0.00689298 0.175606 0.616273
3 0.420835 0.515291 0.0163727 0.0248176 0.498125
4 0.416537 0.427271 0.0217036 0.0132852 0.425165
3 0.135722 0.424373 0.0141429 0.0163478 0.367201
2 0.63598 0.420225 0.0135397 0.0189038 0.35021
