3 0.2727 0.825335 0.0208601 0.0253475 0.780272
4 0.537894 0.747451 0.0200475 0.0176914 0.736172
3 0.704721 0.728231 0.0134815 0.0154669 0.683519
2 0.468848 0.710183 0.0127726 0.0166954 0.658826
2 0.688433 0.799957 0.0143923 0.0173986 0.64089
2 0.635661 0.746107 0.0141304 0.0141153 0.587634
1 0.637595 0.650237 0.00901812 0.121527 0.549234
1 0.492413 0.62794 0.00507544 0.119128 0.472525
2 0.735344 0.734991 0.0131195 0.0158102 0.365397
3 0.384828 0.533484 0.0123542 0.0189631 0.326549
0 0.45438 0.889836 0.0211847 0.0349554 0.297575
