0 0.737125 0.900747 0.0757596 0.131574 0.930179
3 0.168269 0.444425 0.0208842 0.0260168 0.848037
1 0.183538 0.26523 0.0291921 0.345246 0.816161
4 0.461325 0.515429 0.0564336 0.0413775 0.811226
2 0.172315 0.518718 0.0219829 0.0267917 0.735184
2 0.885117 0.476655 0.0249848 0.0313294 0.723891
3 0.701279 0.362945 0.0184387 0.0207378 0.717387
2 0.752762 0.354524 0.0165618 0.0216199 0.670863
1 0.569174 0.231705 0.0131043 0.303854 0.662284
3 0.587568 0.380231 0.0165829 0.0247373 0.568797
2 0.650663 0.433844 0.0224837 0.0248829 0.440663
