0 0.577998 0.49753 0.0361368 0.0688225 0.93462
4 0.333744 0.947468 0.0802597 0.0941535 0.80255
4 0.689787 0.333876 0.0317973 0.0185264 0.773297
1 0.856718 0.189701 0.0230039 0.229673 0.69989
3 0.212423 0.408917 0.0311271 0.037808 0.698346
3 0.978301 0.32055 0.0192955 0.0194658 0.69083
2 0.558707 0.297595 0.0147505 0.0184937 0.670544
3 0.498735 0.268778 0.0141744 0.0169781 0.588486
3 0.867131 0.307397 0.0143833 0.0182128 0.477226
2 0.866061 0.336078 0.012857 0.0152892 0.396107
2 0.438937 0.247299 0.0143995 0.0142226 0.278406
