0 0.77404 0.691708 0.0523846 0.0905366 0.943179
4 0.191785 0.680695 0.0699083 0.0585923 0.930253
4 0.898255 0.742961 0.0878996 0.0591069 0.822593
2 0.223126 0.508607 0.0194624 0.0291491 0.794839
3 0.0799695 0.494775 0.0218448 0.0362698 0.789809
2 0.417521 0.447286 0.0227196 0.0240045 0.751735
4 0.850889 0.624669 0.0435478 0.0409819 0.715316
1 0.0443779 0.326514 0.0395812 0.373327 0.707661
2 0.188071 0.401801 0.0167314 0.0213853 0.606637
3 0.771946 0.433467 0.020338 0.0224485 0.596495
3 0.157927 0.431317 0.0181379 0.0218859 0.561356
