0 0.441746 0.494446 0.0425122 0.0768939 0.913447
3 0.708896 0.273136 0.014859 0.0171738 0.757207
4 0.543599 0.311321 0.031942 0.0190288 0.754531
2 0.394036 0.287308 0.0151389 0.0176049 0.72231
1 0.696601 0.159038 0.0174259 0.230539 0.678752
1 0.433283 0.152979 0.00909616 0.223615 0.618383
2 0.711986 0.302584 0.014469 0.0190654 0.614947
2 0.852977 0.348403 0.0187593 0.0236222 0.533357
3 0.420314 0.264808 0.0145767 0.0185905 0.466067
2 0.866115 0.284713 0.0169306 0.0198884 0.444004
3 0.331815 0.259328 0.0163988 0.0177296 0.287603
