2 0.706548 0.798196 0.0166485 0.020453 0.865981
4 0.527623 0.737323 0.0275656 0.0181004 0.777241
0 0.420877 0.914139 0.0232984 0.0438135 0.732484
3 0.209176 0.829194 0.0213879 0.0298839 0.691881
1 0.64377 0.627098 0.00908832 0.148361 0.671641
3 0.723043 0.717081 0.0167126 0.0174797 0.621151
2 0.759216 0.726125 0.0153088 0.0193495 0.507291
2 0.640885 0.739669 0.0135995 0.0161699 0.504164
3 0.409814 0.658274 0.0120493 0.015024 0.502497
2 0.444553 0.696247 0.0131418 0.0192552 0.499292
1 0.475557 0.606872 0.00544909 0.137965 0.455017
4 0.441045 0.894044 0.0159889 0.0221475 0.410938
3 0.729015 0.982972 0.0201798 0.0323009 0.390815
3 0.507788 0.914385 0.0154198 0.0199753 0.37144
1 0.477301 0.601803 0.00911046 0.135469 0.307212
2 0.639719 0.737728 0.0134173 0.0164469 0.305586
