0 0.553488 0.490693 0.0353655 0.0634798 0.935569
4 0.591082 0.555334 0.0351265 0.0365538 0.835995
2 0.569462 0.380791 0.0152464 0.0183649 0.782839
2 0.0659423 0.398842 0.0158985 0.0197574 0.710727
1 0.252155 0.26718 0.0151792 0.233196 0.703739
2 0.114168 0.459335 0.0185739 0.0230995 0.680479
3 0.240536 0.383366 0.014181 0.016456 0.637517
3 0.534924 0.360925 0.0138216 0.0166133 0.601003
3 0.126607 0.395253 0.0199217 0.0197983 0.56086
4 0.436592 0.407795 0.0344549 0.0161147 0.535745
3 0.617639 0.354006 0.0114282 0.0143628 0.530311
1 0.516924 0.251996 0.00787647 0.210481 0.527281
3 0.240181 0.385201 0.0180088 0.0203072 0.400274
2 0.659037 0.350394 0.0134981 0.0143889 0.391101
