2 0.581867 0.489175 0.0225149 0.0249499 0.839666
3 0.653119 0.819518 0.0280418 0.0532382 0.816998
4 0.272986 0.430595 0.0399159 0.0259472 0.786169
1 0.202601 0.234968 0.0171485 0.224479 0.766269
3 0.603803 0.383182 0.0230249 0.0236134 0.732181
3 0.195528 0.35548 0.015616 0.0211414 0.685791
3 0.494371 0.377187 0.0162441 0.0183915 0.68451
2 0.471854 0.419227 0.0182678 0.0174248 0.658652
4 0.0116337 0.70863 0.0230074 0.0564986 0.655151
1 0.47709 0.254143 0.0114902 0.248234 0.617713
2 0.141043 0.392049 0.0185687 0.0204564 0.611602
2 0.659464 0.387146 0.0160664 0.020779 0.601759
3 0.0999252 0.349698 0.0179124 0.0224633 0.275017
