0 0.493487 0.481883 0.0245287 0.0429244 0.917228
2 0.481351 0.956201 0.0418608 0.0645983 0.871096
4 0.514782 0.526312 0.0218772 0.0205662 0.807456
1 0.663434 0.717653 0.0361318 0.564695 0.777402
4 0.418691 0.420531 0.0191017 0.01376 0.696184
1 0.276872 0.306506 0.0118862 0.185496 0.671118
3 0.106227 0.584772 0.0199189 0.0214722 0.652154
1 0.834685 0.844781 0.0596254 0.310439 0.518556
1 0.486059 0.297774 0.00616024 0.172292 0.506639
2 0.523342 0.397487 0.0121655 0.0142857 0.483159
3 0.26856 0.404126 0.0122974 0.014911 0.473271
3 0.181187 0.407868 0.012584 0.0150137 0.460342
2 0.182394 0.460854 0.0143769 0.0185094 0.437857
2 0.187208 0.832468 0.0238437 0.0391009 0.421476
3 0.187297 0.837461 0.024372 0.0458025 0.415153
1 0.276616 0.301225 0.00786868 0.187383 0.386026
