0 0.536564 0.488434 0.0356604 0.0665512 0.892607
3 0.118808 0.438718 0.0250116 0.0343034 0.778165
3 0.832878 0.295725 0.0137997 0.0156238 0.745782
2 0.871655 0.359269 0.0147075 0.0200396 0.711327
1 0.723357 0.184908 0.015639 0.21362 0.612198
3 0.735851 0.289492 0.0126174 0.0154558 0.601737
1 0.480794 0.174684 0.0069852 0.201454 0.588889
2 0.88044 0.297363 0.012997 0.0170452 0.543744
3 0.665933 0.485214 0.0226585 0.0332665 0.537158
3 0.431293 0.469015 0.0196626 0.0277273 0.511755
2 0.32317 0.32771 0.0152868 0.0197562 0.376386
2 0.741034 0.318382 0.012651 0.0148083 0.34117
1 0.724044 0.18599 0.0101058 0.219692 0.313929
