4 0.235012 0.398237 0.0419114 0.0263169 0.811263
2 0.0964308 0.358127 0.0191383 0.0218299 0.791396
3 0.649811 0.837027 0.0297586 0.0528283 0.785108
2 0.5742 0.460814 0.021478 0.024144 0.749076
2 0.660919 0.354599 0.0168593 0.0232396 0.730391
1 0.167843 0.194232 0.0218488 0.254029 0.710766
3 0.599111 0.351487 0.0210803 0.0249753 0.704554
3 0.0586708 0.315412 0.0183656 0.0206633 0.673325
2 0.455502 0.38596 0.0175951 0.0187784 0.615745
3 0.160165 0.321656 0.017867 0.0226253 0.591246
1 0.461253 0.205335 0.0118795 0.269268 0.576424
3 0.481237 0.343005 0.0173703 0.0218102 0.514306
2 0.0155153 0.310759 0.0172462 0.0167568 0.3461
3 0.482332 0.34553 0.0150755 0.0180222 0.280516
