0 0.498066 0.46279 0.022971 0.0426857 0.933316
2 0.240701 0.680757 0.0350956 0.0434876 0.814411
2 0.561062 0.738311 0.0268393 0.0488263 0.806467
1 0.796746 0.46438 0.0345863 0.854184 0.656749
1 0.262192 0.34244 0.00879637 0.18578 0.616925
3 0.16426 0.436097 0.0163742 0.0155611 0.607286
1 0.800663 0.416898 0.030903 0.750884 0.520414
3 0.774164 0.901092 0.0299053 0.0367943 0.489813
1 0.469528 0.334113 0.00739395 0.177538 0.468563
3 0.614724 0.497473 0.0193674 0.0236362 0.466298
2 0.173433 0.463317 0.0141173 0.0161477 0.442497
1 0.994139 0.787143 0.011722 0.425714 0.345177
3 0.113916 0.539293 0.0194692 0.024203 0.311424
1 0.790581 0.674263 0.0411828 0.433587 0.300087
4 0.766833 0.626111 0.0228983 0.0283968 0.282725
2 0.116233 0.439999 0.0151566 0.0174186 0.268698
