0 0.73752 0.863556 0.075969 0.130359 0.945303
4 0.460917 0.496413 0.0575756 0.0390527 0.865298
3 0.168409 0.427243 0.0206569 0.0248051 0.826875
1 0.183345 0.24956 0.0287795 0.350611 0.798724
2 0.88443 0.457769 0.0216408 0.0282952 0.755438
2 0.649742 0.417379 0.0208121 0.0238778 0.6736
1 0.569811 0.214212 0.0125952 0.313618 0.630652
2 0.172512 0.498454 0.0207131 0.0265298 0.563855
2 0.752863 0.342377 0.0173436 0.0204599 0.502342
3 0.589451 0.366807 0.0179489 0.024318 0.489422
3 0.702113 0.350207 0.0184797 0.0191268 0.47357
