0 0.557724 0.490297 0.0374802 0.0653876 0.93485
4 0.597704 0.557095 0.036769 0.0369128 0.828548
2 0.572813 0.37931 0.0150341 0.0199849 0.803525
2 0.0605363 0.396989 0.0168194 0.0210469 0.691268
2 0.108081 0.459362 0.0184625 0.0236592 0.683633
1 0.250433 0.263714 0.0147602 0.239669 0.668455
3 0.23882 0.381626 0.0143416 0.0167745 0.621082
4 0.438651 0.406702 0.0347379 0.015532 0.597335
3 0.122547 0.393562 0.0200927 0.0219426 0.553366
1 0.519821 0.249106 0.00804747 0.212335 0.550792
3 0.620388 0.352745 0.0135422 0.0151562 0.470663
3 0.535654 0.358909 0.012994 0.0170792 0.463701
3 0.239504 0.384773 0.0164959 0.0211365 0.332886
3 0.237494 0.383086 0.0150835 0.0205168 0.33098
