0 0.382261 0.550371 0.0525644 0.0947881 0.927826
4 0.41973 0.52357 0.0303279 0.0437031 0.73503
2 0.865014 0.363464 0.0196263 0.022793 0.720099
1 0.691287 0.154475 0.0177178 0.247132 0.695807
2 0.711079 0.312252 0.0150504 0.0190139 0.66266
4 0.519275 0.320751 0.0401609 0.0203269 0.635668
2 0.364205 0.292347 0.0179441 0.0187887 0.629184
3 0.819582 0.286982 0.0169863 0.0190536 0.611641
1 0.407356 0.148854 0.0101309 0.23417 0.578153
3 0.295616 0.26308 0.0149808 0.0192978 0.499012
3 0.393503 0.26718 0.0133303 0.0173787 0.483873
2 0.87842 0.28973 0.0162697 0.0200233 0.330183
