0 0.52207 0.485378 0.0304531 0.0531436 0.914241
4 0.913223 0.908205 0.084658 0.0897536 0.904598
4 0.550365 0.537528 0.0259128 0.0287083 0.8495
3 0.0317475 0.618739 0.027049 0.0357074 0.846492
3 0.152437 0.402093 0.017185 0.0193147 0.768842
2 0.147311 0.460855 0.0149463 0.0208056 0.646854
1 0.263945 0.283919 0.0124732 0.215767 0.642787
3 0.909428 0.480955 0.0290539 0.0306113 0.576843
4 0.427495 0.417044 0.0306127 0.0162909 0.365954
2 0.0994125 0.40535 0.0170766 0.0188267 0.328614
1 0.502891 0.272242 0.0083436 0.195989 0.290424
