0 0.55345 0.490706 0.03533 0.0635287 0.937626
4 0.591074 0.555467 0.035107 0.036353 0.833015
2 0.569519 0.380576 0.0149206 0.0183214 0.791598
2 0.0660832 0.398735 0.0158911 0.0195793 0.711556
1 0.252169 0.267555 0.0150146 0.232509 0.695291
2 0.114247 0.459237 0.0185677 0.0230022 0.669725
3 0.240496 0.383314 0.0142578 0.0165155 0.638247
3 0.534877 0.360917 0.0135759 0.0164461 0.592814
3 0.126565 0.395233 0.0196345 0.0197976 0.559969
4 0.436512 0.407593 0.0339097 0.0158993 0.551749
1 0.517053 0.251564 0.00756824 0.211214 0.525087
3 0.617682 0.35388 0.0114451 0.0145293 0.506368
2 0.65954 0.350514 0.0127723 0.0140456 0.455357
3 0.240157 0.384995 0.0181064 0.0205909 0.401045
