0 0.557666 0.490277 0.0375799 0.0655366 0.938896
4 0.597715 0.557136 0.0367854 0.0365383 0.831558
2 0.572882 0.379517 0.0151102 0.0200508 0.786447
2 0.0603318 0.397027 0.0169746 0.0211119 0.707009
2 0.108299 0.459421 0.0184781 0.0236144 0.679725
1 0.250418 0.263671 0.0148154 0.239698 0.671831
3 0.238689 0.381804 0.0144877 0.0170408 0.62554
1 0.519759 0.24936 0.00798511 0.212114 0.549171
3 0.122614 0.393393 0.0204026 0.0222166 0.544198
4 0.437891 0.406657 0.0356115 0.0154011 0.523635
3 0.536051 0.359332 0.0131789 0.0172784 0.453853
3 0.619679 0.352444 0.0134487 0.0156969 0.425932
3 0.239291 0.384796 0.0165618 0.0211747 0.329474
3 0.617359 0.351485 0.0143566 0.0176283 0.286048
