0 0.800087 0.832006 0.0667782 0.11416 0.93512
4 0.951048 0.961685 0.0979042 0.0766291 0.90847
4 0.360396 0.623578 0.0469888 0.0414353 0.810502
2 0.497612 0.532405 0.018162 0.0248198 0.784202
2 0.704747 0.536573 0.0218225 0.0234048 0.783292
2 0.0265177 0.684881 0.0286819 0.0288343 0.740187
1 0.393112 0.356658 0.0102949 0.28846 0.697977
3 0.514782 0.474254 0.0163334 0.0187811 0.564548
1 0.395439 0.358346 0.0105481 0.297525 0.530539
1 0.00467019 0.490282 0.00934038 0.239236 0.368205
1 0.00462876 0.414336 0.00889986 0.394911 0.355527
2 0.547259 0.46358 0.0142019 0.0158109 0.251371
