0 0.53651 0.488362 0.0355811 0.0662713 0.892315
3 0.118676 0.438651 0.0249195 0.0342914 0.778296
3 0.832731 0.295537 0.0139187 0.015717 0.769054
2 0.871712 0.35932 0.014604 0.0199689 0.700292
1 0.723255 0.184876 0.0154654 0.21382 0.620755
3 0.735886 0.289563 0.0125993 0.0154295 0.599343
1 0.480869 0.17473 0.0069582 0.201131 0.59188
3 0.665864 0.485117 0.0222486 0.0328605 0.533807
2 0.880438 0.297336 0.0128921 0.0168676 0.522057
3 0.431283 0.468836 0.0198158 0.0281428 0.472788
2 0.32341 0.327504 0.0153536 0.0200206 0.32635
2 0.741061 0.318495 0.0126982 0.0148384 0.323082
1 0.723993 0.185889 0.0100916 0.220163 0.313648
