4 0.250538 0.186453 0.0442595 0.0315751 0.843406
2 0.491373 0.180764 0.021928 0.0220669 0.801771
2 0.0358562 0.0531122 0.0156958 0.0198978 0.793344
3 0.658855 0.136265 0.0240927 0.0271028 0.780122
2 0.615382 0.298336 0.027587 0.0306167 0.768026
1 0.509145 0.0605099 0.016077 0.112698 0.75329
2 0.110869 0.123559 0.0201232 0.024477 0.672628
2 0.730344 0.146038 0.020337 0.0232569 0.609277
3 0.52531 0.118589 0.0203349 0.025539 0.475535
3 0.0808976 0.0623346 0.0182566 0.0231627 0.435465
1 0.199779 0.038447 0.016208 0.0768939 0.416413
3 0.185687 0.0741756 0.0158885 0.021386 0.400647
1 0.512795 0.060444 0.0249006 0.11284 0.263969
