0 0.53942 0.487359 0.0357516 0.0662801 0.826689
2 0.880531 0.359006 0.0169764 0.0198477 0.794536
3 0.843822 0.294459 0.0154229 0.0159945 0.791194
3 0.127641 0.4336 0.0269588 0.0361067 0.742363
4 0.406811 0.945823 0.0826328 0.105971 0.680791
1 0.733656 0.180117 0.0178813 0.212991 0.643723
3 0.671594 0.486472 0.0225982 0.0362019 0.58379
2 0.458686 0.297172 0.0133456 0.016338 0.571763
3 0.746209 0.290052 0.0141478 0.0151762 0.506545
4 0.59578 0.320588 0.0332884 0.0169921 0.489386
1 0.489534 0.172087 0.00741087 0.200045 0.439087
2 0.331355 0.322334 0.0150786 0.0203273 0.386733
2 0.750813 0.3143 0.0141238 0.0157815 0.314234
3 0.892403 0.295564 0.0143589 0.0172248 0.304354
3 0.365119 0.246703 0.013409 0.0152521 0.250525
