0 0.536524 0.488193 0.0356217 0.0662903 0.888218
3 0.118925 0.438356 0.0250729 0.0340531 0.783882
3 0.83281 0.295687 0.0139412 0.015855 0.758936
2 0.871725 0.359326 0.0145985 0.0199985 0.702556
1 0.723348 0.184836 0.0155305 0.213616 0.61551
3 0.735806 0.289436 0.012584 0.01539 0.605603
1 0.480828 0.174587 0.0070221 0.201232 0.594935
3 0.665931 0.485174 0.0222645 0.0327668 0.546185
2 0.880428 0.297443 0.013026 0.0168858 0.541454
3 0.431273 0.468938 0.0198071 0.0283066 0.440143
1 0.724049 0.185829 0.0100786 0.219872 0.318149
2 0.741099 0.318463 0.0126078 0.0148158 0.304155
