0 0.516409 0.495378 0.0345671 0.0686653 0.912362
3 0.105437 0.442523 0.0254016 0.0347441 0.780213
4 0.577123 0.329786 0.0314453 0.0166366 0.67268
2 0.857325 0.365494 0.0153946 0.0204176 0.65115
1 0.711703 0.1888 0.0150345 0.211617 0.622344
1 0.47098 0.176309 0.00887815 0.196356 0.576019
3 0.724517 0.292754 0.0131498 0.0178115 0.548916
3 0.822187 0.299377 0.0162064 0.0182055 0.474854
2 0.439409 0.306441 0.0115588 0.0157115 0.461739
1 0.474178 0.174387 0.00875702 0.214145 0.305311
3 0.819393 0.301073 0.0165409 0.0196473 0.256131
