4 0.717572 0.532574 0.0416623 0.0418279 0.914224
4 0.183018 0.882848 0.0919698 0.088023 0.912601
0 0.660018 0.539493 0.0421864 0.077579 0.900837
2 0.654018 0.319001 0.0160095 0.0212643 0.782522
4 0.946025 0.384584 0.0399166 0.0220413 0.766296
2 0.0905148 0.516983 0.0240498 0.0337054 0.759798
3 0.403643 0.373209 0.0287332 0.0280044 0.702183
2 0.808884 0.319445 0.018817 0.0232664 0.670896
1 0.880894 0.183722 0.0229854 0.233772 0.617083
3 0.76471 0.275955 0.0157272 0.019504 0.572218
2 0.726336 0.267072 0.0139232 0.0163176 0.399236
2 0.724387 0.267081 0.0142289 0.0178424 0.397453
1 0.884465 0.184049 0.0181099 0.232132 0.270585
