0 0.37825 0.566437 0.052872 0.0913403 0.926654
4 0.518587 0.330632 0.0431963 0.0204578 0.813468
4 0.416184 0.537077 0.033097 0.0405119 0.755597
3 0.819534 0.29454 0.0181902 0.0188564 0.734627
3 0.293963 0.268671 0.0158326 0.0183309 0.694158
2 0.361429 0.301723 0.0171566 0.0211766 0.674674
1 0.689113 0.162582 0.0189919 0.252022 0.641686
3 0.703905 0.287797 0.0163961 0.0192875 0.598812
1 0.405013 0.153297 0.00810412 0.2423 0.565719
2 0.875586 0.295945 0.0151286 0.0192954 0.560623
2 0.861595 0.373598 0.0184593 0.0224605 0.532769
2 0.248665 0.26563 0.0149263 0.0172985 0.501475
3 0.391269 0.271293 0.0119497 0.0189167 0.392902
2 0.251372 0.265977 0.0154168 0.0159754 0.329356
2 0.707683 0.321017 0.0157951 0.0182831 0.277502
