0 0.559705 0.592829 0.0352846 0.0637281 0.929776
4 0.598157 0.676863 0.0417837 0.0446475 0.851801
4 0.436624 0.441499 0.0377342 0.0252752 0.835131
3 0.532822 0.360516 0.0145939 0.0196726 0.806175
2 0.0634355 0.42436 0.0174366 0.0198993 0.731771
3 0.238977 0.400645 0.0175975 0.0213848 0.730753
1 0.250053 0.280213 0.0193704 0.230117 0.716435
2 0.116617 0.525847 0.0191042 0.0244614 0.70247
4 0.4075 0.533134 0.0214428 0.0302613 0.626003
2 0.56949 0.393834 0.0158397 0.021651 0.619079
1 0.516509 0.248717 0.00883161 0.212429 0.581411
2 0.249999 0.441908 0.0160396 0.0185871 0.577409
2 0.656973 0.341047 0.012735 0.0158069 0.556522
3 0.124944 0.417341 0.0185426 0.021003 0.529856
3 0.615899 0.348111 0.014455 0.0180131 0.441892
2 0.716219 0.414279 0.0184106 0.0245799 0.413288
2 0.718559 0.408903 0.0177875 0.0236645 0.372901
3 0.688346 0.126969 0.0119328 0.0189704 0.305625
2 0.722272 0.387195 0.0165923 0.0303583 0.281696
2 0.993595 0.564333 0.0126622 0.0392621 0.260943
