0 0.536522 0.488204 0.0356477 0.0663407 0.888434
3 0.118798 0.438404 0.0251001 0.0342348 0.786631
3 0.832816 0.295685 0.0139538 0.0158698 0.758038
2 0.871723 0.359338 0.0146265 0.0200235 0.704665
1 0.723349 0.184892 0.0155386 0.213521 0.616508
3 0.735806 0.289448 0.0125935 0.0154063 0.606157
1 0.480823 0.174591 0.00701227 0.20125 0.593775
3 0.665944 0.485179 0.0223639 0.0329056 0.548292
2 0.88043 0.297452 0.0130402 0.0169127 0.542168
3 0.431329 0.468994 0.0199235 0.028307 0.502872
2 0.32323 0.327638 0.0154153 0.0197163 0.376931
1 0.724044 0.185936 0.0100868 0.219707 0.315708
2 0.741098 0.318477 0.0126391 0.0148519 0.303732
