0 0.5297 0.489504 0.0343777 0.0631411 0.929203
3 0.113974 0.439131 0.0261241 0.0318677 0.810868
3 0.828596 0.296068 0.0160881 0.0154331 0.741465
2 0.866177 0.362445 0.0166239 0.0192282 0.688086
1 0.72009 0.185151 0.0173193 0.213128 0.674266
3 0.732883 0.292495 0.0136358 0.014711 0.657571
4 0.40611 0.946735 0.0566577 0.102059 0.597905
2 0.320389 0.32796 0.0160891 0.0193007 0.461966
1 0.477932 0.178262 0.00807188 0.200416 0.437395
1 0.476786 0.183234 0.00628263 0.194023 0.416712
2 0.875811 0.298204 0.0143104 0.0178603 0.364683
3 0.38319 0.331859 0.0182473 0.0183011 0.288642
