0 0.493488 0.481908 0.0245294 0.0429881 0.916655
2 0.481347 0.956219 0.041803 0.0645888 0.87118
4 0.514765 0.526335 0.021845 0.020558 0.809566
1 0.663404 0.717778 0.0361306 0.564444 0.777371
4 0.418671 0.420526 0.0191727 0.0137555 0.699257
1 0.276872 0.306536 0.0118911 0.185537 0.670495
3 0.106239 0.584754 0.0198882 0.0214544 0.653244
1 0.834679 0.844772 0.0597538 0.310456 0.530094
1 0.486079 0.297734 0.00614128 0.172207 0.502472
2 0.523381 0.397535 0.0122285 0.0144271 0.495321
3 0.268591 0.404221 0.0123844 0.0150826 0.493035
3 0.181198 0.407879 0.0126033 0.0150446 0.460588
2 0.182397 0.460858 0.014394 0.0185094 0.437373
2 0.187211 0.832491 0.0238062 0.0391074 0.432218
3 0.18731 0.837459 0.024275 0.0457525 0.408343
1 0.276622 0.301288 0.00788474 0.187502 0.384998
