0 0.553451 0.49069 0.0353412 0.0635693 0.937482
4 0.591108 0.55547 0.035189 0.0363764 0.832768
2 0.569512 0.380574 0.0149477 0.0183436 0.790412
2 0.066086 0.398736 0.015902 0.0195974 0.712062
1 0.252171 0.267545 0.0150173 0.232498 0.695774
2 0.114246 0.459235 0.0185655 0.0230047 0.669992
3 0.240497 0.383312 0.0142576 0.016526 0.639176
3 0.534873 0.360908 0.0135767 0.0164595 0.591857
3 0.126567 0.395234 0.0196409 0.0198106 0.561248
4 0.436509 0.407594 0.0338711 0.0159069 0.55235
1 0.517022 0.251623 0.00757635 0.211096 0.525319
3 0.617686 0.353878 0.0114338 0.0145289 0.505617
2 0.65945 0.35058 0.0128632 0.0139593 0.445119
3 0.240159 0.384993 0.0181107 0.0206068 0.401147
