0 0.497984 0.462783 0.0229521 0.0430719 0.939294
2 0.561376 0.738574 0.0272408 0.0495398 0.812633
2 0.240579 0.680793 0.0350224 0.0434019 0.811397
1 0.796649 0.465219 0.0345379 0.855694 0.658686
3 0.164367 0.436358 0.0163503 0.0153655 0.61814
1 0.26227 0.342008 0.00865726 0.186815 0.615682
1 0.800583 0.413946 0.0309364 0.744374 0.491301
3 0.773951 0.901023 0.0302108 0.0372841 0.467923
1 0.469499 0.335108 0.00757553 0.175959 0.465835
3 0.614853 0.497794 0.0189643 0.0235917 0.435835
2 0.173402 0.463366 0.0141787 0.0160891 0.426974
2 0.11629 0.43988 0.0153009 0.0175724 0.371046
4 0.766917 0.62615 0.0232346 0.0283842 0.35571
1 0.994049 0.794965 0.0119022 0.410071 0.337923
3 0.113617 0.538916 0.0191908 0.0239561 0.319212
1 0.790303 0.672308 0.0387099 0.433131 0.302513
2 0.614824 0.501106 0.0187643 0.0251338 0.258933
