0 0.737466 0.8634 0.0760457 0.130163 0.946233
4 0.460923 0.49644 0.0578441 0.0393386 0.865823
3 0.168576 0.427209 0.0204409 0.024757 0.830216
1 0.183515 0.24984 0.0284875 0.349961 0.788972
2 0.884398 0.457706 0.0218289 0.0281976 0.750743
2 0.649793 0.417452 0.020824 0.0239138 0.676352
1 0.56979 0.214384 0.0127228 0.313662 0.639604
2 0.172641 0.498563 0.0206149 0.0264401 0.55948
2 0.753486 0.342625 0.0174998 0.0205329 0.550857
3 0.589594 0.366824 0.0181154 0.0244927 0.50417
3 0.702055 0.350235 0.0185371 0.0191785 0.461734
