0 0.493489 0.481888 0.0245359 0.0429343 0.917193
2 0.481357 0.956212 0.0418905 0.0646276 0.870751
4 0.514762 0.526326 0.0218479 0.0205647 0.809023
1 0.663428 0.717648 0.0361073 0.564705 0.777359
4 0.418691 0.420532 0.0190953 0.0137622 0.69706
1 0.276872 0.306525 0.01189 0.185488 0.670997
3 0.106239 0.584771 0.0199242 0.0214831 0.652816
1 0.834683 0.844784 0.0596388 0.310432 0.520132
1 0.486068 0.297774 0.00614872 0.172258 0.504413
2 0.523338 0.397483 0.0121624 0.0142902 0.482917
3 0.268561 0.404126 0.0123155 0.014933 0.475331
3 0.181196 0.407882 0.0125884 0.0150472 0.459203
2 0.182397 0.460853 0.0143815 0.018518 0.437475
2 0.187207 0.832472 0.0238499 0.0391088 0.422057
3 0.187295 0.837467 0.0243766 0.0458054 0.415681
1 0.276617 0.301248 0.007877 0.187358 0.385375
