0 0.501519 0.463463 0.0245232 0.0465889 0.926677
4 0.81471 0.630359 0.0547373 0.0376221 0.897
2 0.29058 0.694959 0.0299516 0.0440633 0.780213
1 0.888157 0.487239 0.0423075 0.812567 0.773737
2 0.626051 0.752557 0.0261761 0.0433081 0.724177
2 0.166395 0.468366 0.0137012 0.0150363 0.596559
3 0.125986 0.549684 0.0215853 0.0215076 0.578969
1 0.895929 0.464999 0.0343387 0.774386 0.563119
2 0.621434 0.503745 0.0162758 0.0227942 0.514393
1 0.456499 0.330294 0.00740261 0.175165 0.492569
4 0.534047 0.493009 0.0203524 0.0207515 0.479613
3 0.578637 0.485031 0.0162424 0.023886 0.464086
3 0.620895 0.49879 0.0167854 0.02419 0.379508
1 0.251205 0.341064 0.0120355 0.185777 0.329185
3 0.804745 0.465297 0.0182704 0.0198353 0.321565
1 0.248832 0.341288 0.012342 0.18513 0.307185
