0 0.536626 0.4883 0.0357893 0.0666676 0.886008
3 0.118829 0.43873 0.0248826 0.0340982 0.779115
3 0.832835 0.295679 0.0139557 0.0158379 0.758859
2 0.871675 0.359299 0.0146585 0.0200697 0.706204
1 0.72324 0.184918 0.01555 0.213274 0.605751
3 0.735786 0.289473 0.0125316 0.0152629 0.597091
1 0.480729 0.174655 0.00699808 0.201242 0.586928
3 0.666018 0.485228 0.0224653 0.0328011 0.575964
2 0.880503 0.297516 0.0129681 0.0170464 0.523451
3 0.431279 0.468947 0.0193447 0.0275798 0.481035
2 0.741004 0.318422 0.0126626 0.0148401 0.340342
2 0.32338 0.327544 0.0151998 0.0198418 0.312903
1 0.723979 0.186034 0.0100889 0.219714 0.306242
