0 0.536579 0.488382 0.0357519 0.0665039 0.888168
3 0.118669 0.438527 0.025006 0.033884 0.786439
3 0.833127 0.295781 0.0137936 0.0157084 0.753305
2 0.871843 0.359352 0.0146595 0.0199405 0.698796
1 0.723294 0.184891 0.0157007 0.213647 0.629734
3 0.735886 0.289649 0.0125654 0.0153642 0.604195
1 0.480769 0.174779 0.00697536 0.200874 0.589967
2 0.880517 0.297465 0.012957 0.0168282 0.551374
3 0.431307 0.469157 0.0195939 0.0279169 0.488268
3 0.665935 0.485253 0.0221786 0.032682 0.48706
2 0.740845 0.318428 0.0126052 0.0148456 0.310522
1 0.724009 0.18612 0.0101459 0.219308 0.298076
2 0.323218 0.3275 0.015138 0.0196902 0.288896
