0 0.728174 0.955516 0.0744659 0.0854603 0.925498
4 0.456749 0.556665 0.053772 0.0431723 0.838152
2 0.647281 0.467873 0.0200859 0.0253303 0.784441
2 0.167616 0.560817 0.0245819 0.0283035 0.732261
2 0.880013 0.51523 0.0250362 0.0314379 0.728975
1 0.179884 0.30275 0.0296275 0.345634 0.723123
1 0.565541 0.262406 0.01602 0.308524 0.696054
3 0.164587 0.480783 0.0206956 0.0258454 0.662893
2 0.749472 0.383945 0.0163952 0.0213493 0.647061
3 0.586632 0.411361 0.0175981 0.0240346 0.609586
3 0.698737 0.393109 0.0191578 0.022005 0.48299
