0 0.394026 0.489123 0.0511855 0.0903432 0.945237
4 0.525512 0.290516 0.0379782 0.0193047 0.761627
1 0.695764 0.127381 0.0163772 0.243648 0.693255
3 0.711306 0.251756 0.0148355 0.017112 0.650179
4 0.430407 0.46953 0.0263168 0.0391125 0.641855
2 0.367815 0.266258 0.0151319 0.0165479 0.618764
1 0.412763 0.119696 0.0118176 0.23848 0.605265
2 0.872138 0.329013 0.0175747 0.0208726 0.592288
2 0.883109 0.262407 0.0153801 0.0192479 0.554499
3 0.397273 0.243778 0.0149549 0.0175243 0.355803
3 0.711811 0.256561 0.0152115 0.0191096 0.292473
2 0.715179 0.283272 0.0156794 0.0193057 0.283709
3 0.298766 0.239586 0.0162152 0.0199203 0.266948
