0 0.553521 0.490748 0.035351 0.0635752 0.934768
4 0.591166 0.555448 0.0351507 0.0363339 0.836039
2 0.5695 0.380834 0.0153416 0.0186012 0.793095
2 0.0661623 0.398787 0.0159833 0.0198016 0.715025
1 0.252178 0.267274 0.0150487 0.232939 0.700668
2 0.114201 0.459336 0.0184897 0.0228687 0.673307
3 0.240583 0.383201 0.0140219 0.0164427 0.639282
3 0.534621 0.360876 0.013651 0.0165774 0.624419
3 0.126399 0.395391 0.0197798 0.0199461 0.59038
3 0.61789 0.354108 0.0116081 0.0145412 0.537217
4 0.436567 0.407567 0.0343928 0.0162111 0.530102
1 0.516824 0.251665 0.00777254 0.211046 0.529494
2 0.658976 0.350166 0.0133642 0.013887 0.409807
3 0.24025 0.385008 0.0179518 0.0202918 0.385882
