0 0.563812 0.634737 0.0346655 0.0640069 0.906371
2 0.721356 0.443363 0.0199793 0.0325633 0.890789
4 0.602649 0.721857 0.0422632 0.0465169 0.863803
2 0.118721 0.560358 0.0194558 0.0248605 0.813759
4 0.439845 0.467336 0.037471 0.0233643 0.791111
2 0.0661076 0.451026 0.0199896 0.0206232 0.776971
1 0.252031 0.304517 0.0183176 0.237005 0.749588
3 0.126119 0.444238 0.0182808 0.0200612 0.737573
3 0.241122 0.4257 0.0182313 0.0200376 0.718073
2 0.252334 0.470626 0.017987 0.0203615 0.704942
2 0.570198 0.418063 0.0155626 0.0194744 0.699411
3 0.533982 0.381995 0.0137415 0.0188954 0.682036
1 0.519097 0.273911 0.00904198 0.211347 0.646903
2 0.656518 0.362374 0.0132151 0.0170352 0.621038
4 0.411691 0.569923 0.0215662 0.0296326 0.557568
2 0.719052 0.441803 0.0193556 0.0283917 0.39981
3 0.618973 0.372139 0.0153688 0.0188919 0.38179
