0 0.536505 0.488376 0.0355789 0.0662602 0.892067
3 0.118535 0.438696 0.0250041 0.0343384 0.779469
3 0.832731 0.295534 0.0139309 0.0157233 0.769132
2 0.871709 0.359312 0.0146036 0.0199745 0.700387
1 0.723254 0.18488 0.0154742 0.213817 0.621252
3 0.735888 0.289566 0.0126053 0.0154397 0.600202
1 0.480861 0.174724 0.00695017 0.20111 0.590699
3 0.665876 0.485112 0.0222889 0.0329594 0.524307
2 0.880432 0.297338 0.0129164 0.016884 0.520397
3 0.431279 0.468827 0.0198874 0.0282639 0.489714
2 0.323281 0.327596 0.0154051 0.0198542 0.3378
2 0.741063 0.318499 0.012706 0.0148542 0.321617
1 0.723993 0.185936 0.0100981 0.220118 0.3121
