2 0.73198 0.755923 0.0305428 0.0339383 0.833785
4 0.325354 0.628429 0.0442801 0.03436 0.827562
2 0.837689 0.601119 0.0236881 0.0231341 0.731573
2 0.18584 0.564135 0.0210112 0.0234957 0.662339
2 0.581373 0.629915 0.0225334 0.0208358 0.642868
3 0.6123 0.573337 0.01863 0.021965 0.621527
3 0.759973 0.591485 0.0237202 0.0262584 0.620415
1 0.59453 0.409636 0.0125099 0.304549 0.592684
3 0.161093 0.508377 0.0183628 0.0208291 0.553
1 0.275124 0.383678 0.0144767 0.272007 0.524877
3 0.261346 0.522251 0.0162163 0.019827 0.318521
1 0.275005 0.380268 0.0102694 0.287804 0.251956
