0 0.498126 0.462726 0.0230728 0.0427823 0.931875
2 0.240702 0.680766 0.0351567 0.043577 0.814913
2 0.561047 0.738304 0.0267257 0.0483757 0.806195
1 0.796743 0.464449 0.0344972 0.854333 0.654804
1 0.262185 0.342402 0.00880479 0.185823 0.617034
3 0.164262 0.436119 0.0163959 0.0155685 0.607988
1 0.800671 0.417156 0.0308189 0.751243 0.515316
3 0.77413 0.901078 0.0297672 0.0367765 0.48965
1 0.469496 0.333884 0.00736218 0.178097 0.466493
3 0.614702 0.497534 0.0197904 0.0237416 0.456369
2 0.173437 0.463324 0.0141408 0.0161413 0.44289
1 0.994138 0.787496 0.0117231 0.425008 0.344294
3 0.113939 0.539302 0.0194663 0.0242474 0.310013
1 0.790568 0.674754 0.0411143 0.432678 0.300841
4 0.766843 0.626115 0.0229249 0.0283443 0.277605
2 0.116101 0.439913 0.0150532 0.0174642 0.260214
