0 0.536621 0.48828 0.0358118 0.065985 0.886765
3 0.118783 0.4387 0.025057 0.03411 0.781653
3 0.832822 0.295709 0.0139666 0.0158061 0.762799
2 0.871697 0.359284 0.0145901 0.0200802 0.699751
1 0.723252 0.185095 0.0154507 0.213689 0.614368
3 0.735836 0.289549 0.0125828 0.0154825 0.611244
1 0.480731 0.174673 0.00698394 0.201557 0.594215
2 0.88059 0.297543 0.0129849 0.0169464 0.536412
3 0.665858 0.485213 0.0224352 0.0331725 0.531836
3 0.431279 0.468868 0.0198278 0.0280019 0.498549
2 0.323102 0.327941 0.0154559 0.019584 0.416788
1 0.723996 0.186294 0.0101036 0.219325 0.304482
2 0.740971 0.31842 0.0126171 0.0148393 0.302743
