0 0.536568 0.488428 0.0356466 0.0665307 0.892351
3 0.118743 0.438699 0.0250435 0.0343363 0.778523
3 0.832874 0.295727 0.0137917 0.0156417 0.746941
2 0.871661 0.359266 0.0146788 0.0199991 0.710172
1 0.723357 0.184919 0.0156283 0.21362 0.611737
3 0.735846 0.289483 0.0126043 0.015439 0.601567
1 0.480782 0.174673 0.00698367 0.201477 0.591544
2 0.880437 0.297359 0.0129814 0.0170267 0.546784
3 0.665932 0.485219 0.0226408 0.03323 0.537362
3 0.431302 0.469049 0.0196094 0.02769 0.516309
2 0.323234 0.327621 0.0153303 0.0199027 0.360923
2 0.741032 0.318379 0.0126304 0.0147918 0.339689
1 0.724047 0.185952 0.0100972 0.219775 0.316151
