0 0.293919 0.680463 0.0539439 0.087826 0.923366
4 0.339939 0.637363 0.040472 0.050438 0.888394
3 0.666188 0.336364 0.0150116 0.0192208 0.706437
4 0.474832 0.387451 0.0439812 0.0226401 0.704268
2 0.323024 0.352821 0.0161564 0.0187192 0.686022
2 0.214272 0.310059 0.0144419 0.0159144 0.673525
1 0.651915 0.209325 0.0145684 0.250752 0.668945
3 0.26076 0.314525 0.0166565 0.0188381 0.66155
2 0.838938 0.349177 0.0156849 0.0192261 0.657607
2 0.813137 0.442434 0.0199859 0.0234576 0.651767
3 0.357549 0.318735 0.0150736 0.0187391 0.635162
1 0.370511 0.200205 0.011143 0.228331 0.626954
3 0.780182 0.346035 0.0203445 0.0212586 0.516831
2 0.665256 0.376765 0.0137664 0.0169621 0.514455
