0 0.52018 0.494236 0.0351283 0.0663201 0.900136
3 0.107129 0.443008 0.0250245 0.0370812 0.760882
4 0.578123 0.329146 0.0309115 0.0169887 0.735999
1 0.716564 0.186702 0.0167213 0.211016 0.693226
2 0.861127 0.364507 0.0158524 0.0203291 0.685347
1 0.475336 0.181191 0.00712376 0.205337 0.648485
3 0.823893 0.299392 0.0164791 0.0179552 0.508013
2 0.315327 0.329932 0.0162124 0.0183968 0.437723
3 0.419244 0.470849 0.0222649 0.0296509 0.427744
3 0.726816 0.29076 0.0123781 0.0149619 0.403478
3 0.72444 0.291519 0.0131353 0.0155196 0.275977
2 0.734021 0.321334 0.0129806 0.0178535 0.260336
