0 0.493517 0.48192 0.0246627 0.0431719 0.923952
2 0.48131 0.95626 0.0417814 0.0647885 0.871768
4 0.514934 0.526184 0.0220173 0.0208789 0.795263
1 0.663439 0.717738 0.0363569 0.564523 0.778196
4 0.418523 0.420376 0.0189978 0.0136499 0.700639
1 0.276859 0.306546 0.0118009 0.18561 0.66521
3 0.106054 0.584724 0.0199842 0.0214694 0.662378
1 0.48619 0.297609 0.00619887 0.172327 0.526836
3 0.268315 0.40404 0.0121566 0.0147324 0.507766
1 0.834753 0.844965 0.0592464 0.310071 0.495906
3 0.181192 0.407778 0.0124598 0.014933 0.443218
2 0.523413 0.39749 0.0122391 0.0144251 0.44134
2 0.182413 0.460786 0.0143965 0.0185009 0.428554
3 0.187297 0.837439 0.0244522 0.0462435 0.418537
2 0.1872 0.832106 0.0237951 0.0389125 0.400951
1 0.276622 0.30119 0.00782572 0.187349 0.393066
3 0.496916 0.381186 0.0108425 0.0123848 0.272761
