4 0.312332 0.955105 0.0849812 0.0869244 0.934433
0 0.482048 0.498617 0.0370731 0.0665952 0.922032
4 0.554049 0.332092 0.0287773 0.0158598 0.755033
3 0.0757957 0.445533 0.0235798 0.0344814 0.717911
1 0.695044 0.187486 0.0125219 0.207291 0.677127
3 0.707022 0.294189 0.0118157 0.01336 0.610847
1 0.453251 0.184819 0.00818427 0.205136 0.525123
2 0.419687 0.308873 0.0131775 0.0154978 0.499682
2 0.291587 0.334282 0.0158859 0.0188558 0.472137
1 0.692685 0.191863 0.0147233 0.218872 0.450689
2 0.834282 0.366584 0.0172256 0.0204557 0.436686
3 0.384921 0.475993 0.0216513 0.0284719 0.281477
