0 0.581179 0.499361 0.0362633 0.0691311 0.897728
4 0.704719 0.334756 0.0313442 0.0177438 0.716003
1 0.87035 0.192264 0.0217736 0.231749 0.693411
3 0.21865 0.407279 0.0298882 0.0353882 0.67884
2 0.878486 0.337116 0.0141483 0.017064 0.571967
2 0.569282 0.299859 0.0151598 0.020685 0.570769
3 0.511005 0.268514 0.0142845 0.0169007 0.550536
3 0.880019 0.314341 0.0156284 0.0246134 0.542368
2 0.467226 0.317692 0.0153522 0.0224666 0.422497
4 0.609214 0.488831 0.0270514 0.0399667 0.411259
1 0.610549 0.173898 0.00839386 0.204098 0.39828
3 0.991467 0.322164 0.0168503 0.0220784 0.376047
3 0.513522 0.267971 0.0147 0.016674 0.291645
