0 0.536543 0.488146 0.0356422 0.0660642 0.886766
3 0.118745 0.438568 0.0249906 0.0342716 0.785804
3 0.832836 0.295591 0.0138981 0.0157754 0.768361
2 0.871537 0.359211 0.014674 0.0200063 0.708865
1 0.723338 0.185115 0.015583 0.21375 0.610698
3 0.735814 0.289654 0.0125284 0.0153479 0.601421
1 0.480766 0.174883 0.00705023 0.200829 0.586312
2 0.880216 0.297343 0.0129372 0.0168832 0.542983
3 0.665863 0.485282 0.0225117 0.0332806 0.525487
3 0.431166 0.469071 0.0196277 0.0279512 0.485698
2 0.740997 0.318436 0.012651 0.0149083 0.332977
1 0.724041 0.18598 0.0101053 0.220009 0.317559
2 0.323455 0.327329 0.0153984 0.0202374 0.266308
