0 0.536625 0.488273 0.0357979 0.0659375 0.88605
3 0.118794 0.438749 0.0250714 0.0341729 0.781208
3 0.832822 0.295706 0.0139561 0.0157907 0.763356
2 0.871688 0.359284 0.0146015 0.0200437 0.697448
1 0.723284 0.185067 0.0154837 0.213784 0.613723
3 0.735829 0.289547 0.0125722 0.0154675 0.611243
1 0.480738 0.174649 0.00695914 0.201514 0.592384
3 0.66585 0.485217 0.0223845 0.0330422 0.53626
2 0.880588 0.297535 0.0129797 0.0169288 0.535846
3 0.431272 0.468838 0.0196426 0.027912 0.485249
2 0.323305 0.327508 0.0152289 0.0199055 0.309981
1 0.724009 0.186251 0.010099 0.21934 0.307341
2 0.740974 0.318416 0.0126123 0.014815 0.302943
