2 0.706546 0.798197 0.0166581 0.020456 0.866243
4 0.527622 0.737323 0.0275738 0.0180995 0.776881
0 0.420871 0.914142 0.0233005 0.0438251 0.732226
3 0.209187 0.829186 0.0214281 0.0298984 0.691656
1 0.64377 0.6271 0.00908918 0.148365 0.670213
3 0.723043 0.717085 0.0167158 0.0174941 0.621103
3 0.409757 0.658315 0.0121582 0.0150934 0.51016
2 0.759216 0.726127 0.0153149 0.0193533 0.508045
2 0.640885 0.739667 0.0136094 0.016176 0.505588
2 0.444564 0.696252 0.0131621 0.0192861 0.501966
1 0.475558 0.606892 0.00545704 0.138123 0.453917
4 0.441036 0.894064 0.016015 0.0221746 0.411249
3 0.729018 0.98297 0.0201757 0.0323002 0.390706
3 0.507786 0.914389 0.015416 0.0199771 0.368829
2 0.639718 0.73773 0.0134166 0.0164544 0.306977
1 0.477299 0.601834 0.00911543 0.135547 0.305763
3 0.410498 0.6584 0.0146479 0.019307 0.275294
