0 0.394023 0.48912 0.051162 0.0903587 0.945707
4 0.525475 0.290501 0.0378554 0.0192843 0.761991
1 0.695755 0.12733 0.0163638 0.243754 0.691721
3 0.711308 0.251761 0.0148427 0.017117 0.651091
4 0.430402 0.469545 0.0262919 0.039128 0.63943
2 0.367814 0.266253 0.0151273 0.0165875 0.620232
1 0.412767 0.119664 0.0118259 0.238499 0.605747
2 0.872138 0.329017 0.0175816 0.0208819 0.592795
2 0.88311 0.262409 0.0153843 0.0192572 0.555504
3 0.397276 0.243781 0.0149576 0.0175495 0.358388
3 0.711811 0.256563 0.0152214 0.0191289 0.292489
2 0.715181 0.283269 0.0156892 0.0193159 0.285293
3 0.298773 0.239527 0.0161884 0.0200087 0.257024
