0 0.394064 0.488982 0.0514005 0.0905729 0.943657
4 0.525687 0.290069 0.0373501 0.0188365 0.733871
1 0.695939 0.127251 0.016716 0.243612 0.692555
4 0.430526 0.469192 0.0262423 0.0388387 0.633354
1 0.412751 0.11951 0.0120541 0.239019 0.619625
2 0.87197 0.329189 0.0178532 0.0211547 0.618191
2 0.367773 0.266146 0.0152522 0.0165573 0.616926
3 0.711418 0.251739 0.0147966 0.0167785 0.613746
2 0.883387 0.262432 0.0153278 0.0193533 0.566671
3 0.396605 0.244045 0.015056 0.017332 0.437571
3 0.712106 0.257291 0.0154066 0.0191706 0.292454
2 0.714811 0.28314 0.0159689 0.0196637 0.282976
3 0.298833 0.239803 0.0162515 0.019649 0.255422
