4 0.235039 0.398126 0.041856 0.0263859 0.812684
2 0.0964316 0.358132 0.0191442 0.0218345 0.790585
3 0.649803 0.837029 0.02969 0.052736 0.786723
2 0.574302 0.46062 0.0216358 0.0241982 0.744153
2 0.660879 0.354614 0.016902 0.0233254 0.735029
1 0.167831 0.194203 0.0218381 0.254121 0.710514
3 0.599219 0.351605 0.0209333 0.0249105 0.705568
3 0.0585218 0.315516 0.0184673 0.0206209 0.666349
2 0.455574 0.386011 0.0177224 0.0188676 0.611068
3 0.160193 0.321632 0.0178219 0.0226283 0.591599
1 0.461265 0.205337 0.0118799 0.269276 0.575453
3 0.481237 0.343002 0.0173468 0.0217948 0.505514
2 0.0152504 0.310874 0.017101 0.0165939 0.330239
3 0.482303 0.345512 0.0151013 0.0180242 0.278166
