0 0.737508 0.863351 0.0758951 0.130225 0.944394
4 0.461043 0.496648 0.0577356 0.0394759 0.865245
3 0.168326 0.42723 0.0207712 0.024859 0.832945
1 0.183413 0.249733 0.0287418 0.350004 0.800351
2 0.884359 0.457924 0.0217882 0.0280962 0.764854
2 0.649535 0.417368 0.0208443 0.0239329 0.689696
1 0.569858 0.213926 0.0126568 0.313843 0.635377
2 0.1727 0.498479 0.02077 0.0263124 0.554771
3 0.589439 0.366776 0.0178721 0.0244943 0.50731
3 0.702118 0.350106 0.0185646 0.0192929 0.466443
2 0.752478 0.342327 0.0172837 0.0205259 0.459336
