0 0.512947 0.496562 0.0363782 0.0663496 0.897035
4 0.576365 0.331715 0.0329741 0.0164794 0.736257
3 0.10178 0.444464 0.0236801 0.0349131 0.708931
2 0.309552 0.332347 0.0139215 0.017362 0.666762
1 0.711028 0.188242 0.0146288 0.21237 0.647245
3 0.723077 0.29353 0.011704 0.0151046 0.605373
1 0.469687 0.182434 0.00786496 0.200039 0.569618
2 0.436646 0.30611 0.011912 0.0152699 0.541146
2 0.855641 0.365466 0.0145987 0.0195499 0.518499
3 0.818023 0.300516 0.0153552 0.0185941 0.417119
2 0.866415 0.30369 0.0144222 0.0180061 0.399634
