0 0.522069 0.485388 0.0304372 0.053131 0.912793
4 0.913232 0.908219 0.0846546 0.0898324 0.904723
4 0.550385 0.537592 0.0258762 0.0289065 0.847886
3 0.0317509 0.618742 0.0270449 0.0356476 0.846967
3 0.152436 0.402093 0.0171715 0.0192898 0.768748
2 0.147304 0.460853 0.0149426 0.0207762 0.646124
1 0.263975 0.283923 0.0124372 0.215754 0.642536
3 0.909418 0.480947 0.0291805 0.0307324 0.577682
4 0.427477 0.417065 0.0305488 0.0162618 0.374404
2 0.0994148 0.405352 0.0170721 0.0187966 0.331094
1 0.502883 0.272221 0.00835398 0.19597 0.293585
