2 0.706545 0.798197 0.0166579 0.0204575 0.865867
4 0.527623 0.737321 0.0275741 0.0181011 0.777333
0 0.420866 0.914139 0.0233175 0.0438498 0.73294
3 0.209195 0.829165 0.0213926 0.0299338 0.691666
1 0.643769 0.627098 0.00909071 0.148365 0.671071
3 0.723045 0.717085 0.0167185 0.017488 0.620506
2 0.759216 0.726128 0.0153183 0.0193554 0.508175
2 0.640887 0.739668 0.0136052 0.0161708 0.504778
2 0.444565 0.696258 0.0131651 0.0192737 0.502672
3 0.40975 0.658194 0.0120428 0.0146645 0.483921
1 0.47555 0.606914 0.00545176 0.138103 0.454107
4 0.441025 0.894068 0.0160507 0.0221995 0.410511
3 0.729015 0.982969 0.0201807 0.0323009 0.38987
3 0.507777 0.914388 0.0154292 0.0199779 0.361742
1 0.477296 0.601832 0.00912362 0.135579 0.30748
2 0.639718 0.737729 0.0134159 0.0164522 0.306197
