0 0.558277 0.575297 0.0348001 0.0635677 0.90396
4 0.597496 0.65807 0.042934 0.0466491 0.860263
2 0.567996 0.382632 0.0161367 0.0202639 0.84685
3 0.124067 0.404864 0.0182488 0.0205614 0.803649
4 0.435511 0.427261 0.038923 0.0244721 0.782321
2 0.114251 0.512387 0.016738 0.0221746 0.733999
1 0.249099 0.26493 0.0175185 0.240779 0.714533
2 0.715156 0.404125 0.0148625 0.0215053 0.702399
3 0.23967 0.389123 0.0185482 0.0203699 0.646645
2 0.24841 0.42964 0.0153601 0.0186889 0.602879
4 0.405804 0.5188 0.021561 0.0305249 0.589363
3 0.615407 0.338893 0.0128332 0.0153654 0.566412
1 0.515769 0.241072 0.00901957 0.22571 0.554391
3 0.532356 0.350163 0.0157713 0.0201654 0.55309
2 0.653817 0.331184 0.0130466 0.0151706 0.518267
2 0.0621315 0.416343 0.0172354 0.0213735 0.435151
3 0.610764 0.337126 0.0136091 0.0165184 0.346655
