0 0.498003 0.462776 0.0229696 0.0431005 0.939332
2 0.561355 0.738579 0.0272526 0.0497052 0.812755
2 0.240576 0.680796 0.0350291 0.043426 0.811035
1 0.796641 0.465151 0.0345763 0.855478 0.659497
3 0.164366 0.436358 0.016347 0.0153668 0.618721
1 0.262272 0.342006 0.00865244 0.186824 0.615418
1 0.800572 0.413926 0.0309681 0.744189 0.493869
3 0.773942 0.901015 0.030218 0.0372677 0.470067
1 0.469505 0.33508 0.00756005 0.176011 0.463808
3 0.614848 0.497769 0.0189125 0.023724 0.444207
2 0.1734 0.463365 0.0141693 0.0160931 0.42778
2 0.116291 0.439882 0.0152911 0.0175679 0.371118
4 0.766908 0.626157 0.0232415 0.0283897 0.353786
1 0.994049 0.794845 0.0119022 0.41031 0.337803
3 0.113617 0.538918 0.0191864 0.0239518 0.3187
1 0.790305 0.672167 0.038737 0.433385 0.305055
2 0.614826 0.50103 0.0187218 0.0253163 0.259912
