0 0.498057 0.462792 0.0229469 0.0426887 0.933328
2 0.240708 0.680759 0.0351248 0.0434827 0.814627
2 0.561064 0.738306 0.0268614 0.0488568 0.806497
1 0.796751 0.464433 0.0345667 0.854251 0.656709
1 0.262192 0.342436 0.00880117 0.185771 0.616817
3 0.164266 0.436112 0.0163819 0.0155686 0.605462
1 0.800654 0.417059 0.0308998 0.75108 0.517987
3 0.774156 0.901091 0.0299051 0.0368014 0.489918
1 0.46951 0.334275 0.00740261 0.177262 0.468357
3 0.614718 0.497474 0.0193995 0.0236559 0.466643
2 0.173437 0.463315 0.0141406 0.0161532 0.442226
1 0.994142 0.787101 0.0117156 0.425798 0.344442
3 0.113914 0.539294 0.0194792 0.0242345 0.312934
1 0.790574 0.674511 0.0411713 0.433151 0.299473
4 0.766833 0.626113 0.0229086 0.0283774 0.280845
2 0.116235 0.439981 0.0152091 0.0174529 0.265897
