0 0.628096 0.519917 0.0370999 0.0718406 0.927888
4 0.233819 0.913805 0.0821419 0.0970728 0.884181
4 0.67211 0.50994 0.035809 0.0374678 0.818675
2 0.703035 0.31266 0.0160814 0.0203788 0.740142
2 0.0257521 0.559865 0.0261608 0.0339486 0.735903
3 0.655116 0.275632 0.0135187 0.0169207 0.72092
3 0.326607 0.387193 0.0297027 0.0314915 0.659948
4 0.837857 0.362237 0.0365864 0.0176184 0.653999
1 0.760132 0.185169 0.0143907 0.216963 0.598325
2 0.560529 0.317251 0.0169673 0.0227725 0.589609
2 0.618311 0.267918 0.012742 0.0157936 0.582208
1 0.7579 0.185251 0.0108552 0.220932 0.28374
3 0.740721 0.292054 0.0127601 0.0162791 0.275178
