0 0.737519 0.863568 0.0759725 0.130367 0.945178
4 0.460919 0.49641 0.0575754 0.039048 0.865235
3 0.16841 0.427241 0.0206401 0.0248128 0.826687
1 0.183435 0.24955 0.0286143 0.350325 0.799749
2 0.884432 0.457778 0.0216377 0.0282794 0.755953
2 0.64975 0.417387 0.0208063 0.0238686 0.6732
1 0.569813 0.214178 0.0125955 0.313697 0.632038
2 0.172503 0.498458 0.020707 0.026529 0.562572
2 0.752865 0.342378 0.0173631 0.020471 0.501137
3 0.589451 0.366806 0.0179471 0.024318 0.489258
3 0.702113 0.350205 0.0184875 0.0191316 0.472838
