0 0.565121 0.493851 0.0369137 0.0698218 0.899708
2 0.958941 0.381341 0.0174505 0.0239649 0.795894
3 0.929023 0.311109 0.0184551 0.019086 0.773106
3 0.183277 0.416162 0.0244311 0.0374117 0.758967
4 0.657123 0.328747 0.0283132 0.0185251 0.693108
2 0.983544 0.312421 0.0146446 0.0180396 0.651173
1 0.812057 0.189053 0.0195352 0.227464 0.64801
3 0.82257 0.296446 0.0132091 0.0158768 0.636892
3 0.461113 0.268823 0.0138377 0.016973 0.60279
2 0.522458 0.298912 0.0135733 0.0185149 0.527324
1 0.560305 0.177228 0.00857305 0.204036 0.468092
3 0.546024 0.273109 0.0130736 0.0153687 0.359521
