0 0.44175 0.494456 0.0424974 0.0768655 0.913069
3 0.708882 0.273128 0.0148544 0.0171709 0.756481
4 0.543588 0.311316 0.0319481 0.0190325 0.754957
2 0.394039 0.287307 0.0151389 0.0175928 0.722354
1 0.696602 0.159054 0.0174262 0.230578 0.678648
1 0.433278 0.15298 0.00910082 0.223629 0.619725
2 0.711989 0.302591 0.0144674 0.0190636 0.614836
2 0.852975 0.348401 0.0187599 0.0236347 0.533485
3 0.420319 0.264808 0.0145758 0.018579 0.4665
2 0.866115 0.284712 0.0169296 0.0198898 0.442749
3 0.331816 0.259325 0.0163938 0.017725 0.287739
