1 0.490562 0.969965 0.017606 0.0537401 0.799841
3 0.371624 0.81795 0.0168733 0.0186088 0.799368
3 0.270746 0.947242 0.0164849 0.0174808 0.616644
2 0.661388 0.79952 0.0128009 0.0183204 0.594458
2 0.502157 0.733488 0.0122126 0.0133015 0.573497
2 0.461455 0.699903 0.0112383 0.0152531 0.498248
3 0.317923 0.891632 0.0168552 0.0199161 0.495253
2 0.129474 0.903524 0.0138607 0.0198274 0.473896
1 0.627588 0.693809 0.0102211 0.0925553 0.465823
3 0.697829 0.751857 0.0116033 0.014035 0.355584
0 0.503119 0.862252 0.0151495 0.0246532 0.319952
1 0.517749 0.667181 0.00689317 0.0882521 0.307819
2 0.622325 0.758034 0.0137304 0.013997 0.285018
