0 0.666617 0.807581 0.0558117 0.103636 0.944394
4 0.456829 0.511385 0.0484314 0.0358757 0.862706
4 0.744841 0.96637 0.0757015 0.0672603 0.850122
2 0.205982 0.51485 0.0202206 0.0240425 0.826674
3 0.198101 0.450162 0.0191134 0.0245124 0.795212
3 0.0434077 0.472843 0.0222135 0.0244357 0.78383
1 0.55406 0.255913 0.0135532 0.276388 0.748574
1 0.212004 0.29302 0.0227476 0.311059 0.727697
2 0.624157 0.439083 0.0191841 0.0227807 0.702255
3 0.573198 0.393029 0.0161879 0.0216306 0.60025
2 0.828268 0.47651 0.0218189 0.0261811 0.596974
3 0.674778 0.374746 0.0174305 0.019591 0.579823
3 0.00775655 0.658729 0.0153616 0.0428425 0.385737
