0 0.498116 0.462755 0.0231031 0.0428951 0.931517
2 0.240838 0.680935 0.0353852 0.0439223 0.81653
2 0.561133 0.738292 0.0268324 0.0486958 0.806553
1 0.796771 0.463461 0.0344122 0.853836 0.651179
3 0.164361 0.436335 0.0165692 0.0159002 0.623508
1 0.262097 0.3418 0.00888404 0.186767 0.619059
1 0.800796 0.416126 0.0307311 0.750157 0.523697
1 0.469454 0.334107 0.00744284 0.177109 0.48026
3 0.774471 0.901156 0.029591 0.0366825 0.460179
3 0.614886 0.497573 0.0199003 0.0239067 0.457645
2 0.173383 0.463308 0.0141113 0.0161654 0.435185
1 0.994251 0.789479 0.0114971 0.421042 0.344314
4 0.766916 0.626103 0.0229306 0.0285724 0.306985
1 0.790571 0.674618 0.0412031 0.434072 0.300677
2 0.116298 0.439965 0.0151178 0.0174686 0.270711
3 0.113814 0.539271 0.0194214 0.0240198 0.253457
2 0.614998 0.501071 0.0194538 0.0251321 0.252629
