4 0.312214 0.955133 0.0851483 0.0869026 0.936659
0 0.482204 0.498701 0.0373828 0.0665177 0.916251
4 0.554428 0.332522 0.0279909 0.0162444 0.784213
3 0.0762958 0.445319 0.0238414 0.0348937 0.722507
1 0.695206 0.187919 0.0124775 0.207045 0.674571
3 0.706564 0.293985 0.0117648 0.01315 0.592582
1 0.693192 0.194264 0.0140636 0.21077 0.583198
1 0.453304 0.184659 0.00809946 0.20494 0.521911
2 0.41985 0.308718 0.0131161 0.015474 0.504916
2 0.291323 0.334416 0.0155985 0.0186474 0.465838
2 0.834299 0.366719 0.0172432 0.0207069 0.417917
3 0.384869 0.475928 0.0219386 0.0289206 0.293731
