0 0.498239 0.462855 0.0234782 0.0430291 0.933556
2 0.240672 0.680825 0.0352318 0.0436471 0.814659
2 0.561207 0.738199 0.0272953 0.0498037 0.806489
1 0.796779 0.462182 0.0343356 0.861945 0.647074
1 0.262144 0.342028 0.00889817 0.186677 0.619179
3 0.164429 0.436307 0.0161766 0.0154842 0.609144
1 0.801054 0.416721 0.0306126 0.753626 0.526988
1 0.469684 0.33262 0.00740586 0.180316 0.470922
3 0.773836 0.90103 0.0294495 0.0369281 0.435568
2 0.173386 0.463283 0.014024 0.0161916 0.42851
3 0.614884 0.497605 0.0189835 0.0234266 0.421185
1 0.994177 0.789122 0.0116467 0.421756 0.352571
1 0.790522 0.673578 0.0416957 0.435095 0.301195
3 0.11376 0.538891 0.0192138 0.0244276 0.296609
2 0.116177 0.440113 0.0147772 0.0171112 0.292053
4 0.766618 0.626037 0.0233903 0.0283315 0.28428
