2 0.706546 0.798195 0.0166552 0.020453 0.86568
4 0.527621 0.737321 0.0275726 0.0181064 0.77793
0 0.420868 0.914141 0.0233191 0.0438608 0.732254
3 0.209196 0.829166 0.0213982 0.0299199 0.691771
1 0.643771 0.627106 0.00909177 0.148355 0.671613
3 0.723045 0.717085 0.0167175 0.0174894 0.621691
2 0.759216 0.726128 0.0153175 0.0193554 0.508686
2 0.640888 0.739666 0.0136073 0.0161754 0.505137
2 0.444565 0.696261 0.0131655 0.0192781 0.502625
3 0.409747 0.658194 0.0120427 0.0146647 0.483591
1 0.475549 0.606911 0.0054485 0.138105 0.453762
4 0.441026 0.894071 0.0160437 0.0222053 0.410782
3 0.729014 0.982971 0.0201832 0.0323011 0.391539
3 0.507778 0.914387 0.01543 0.0199805 0.362177
2 0.63972 0.737726 0.0134172 0.0164533 0.306814
1 0.477295 0.601833 0.00912601 0.135576 0.306683
