0 0.493502 0.481711 0.0245369 0.0426729 0.916185
2 0.481363 0.956021 0.0415901 0.0641682 0.871707
4 0.514664 0.526005 0.0219278 0.0209441 0.791268
1 0.663626 0.717201 0.0363054 0.565598 0.777732
4 0.41859 0.420074 0.0202806 0.0139552 0.695542
1 0.276834 0.306436 0.0118409 0.185711 0.668675
3 0.10606 0.585141 0.020102 0.0216304 0.651918
1 0.486048 0.297451 0.00622966 0.172185 0.526782
1 0.83476 0.845033 0.0592951 0.309935 0.508228
3 0.268476 0.404246 0.0123346 0.0149013 0.472658
3 0.187347 0.83799 0.0244852 0.0463683 0.433684
3 0.181137 0.407916 0.0122545 0.0150772 0.428537
2 0.187272 0.832941 0.0240069 0.0398127 0.404207
2 0.18237 0.460852 0.0142214 0.0184938 0.400889
2 0.523483 0.397671 0.0124439 0.0142585 0.39706
1 0.276592 0.301108 0.00788989 0.188083 0.391806
