0 0.536626 0.488285 0.0357768 0.0658746 0.885776
3 0.118795 0.43875 0.0250303 0.0341038 0.781241
3 0.83282 0.295684 0.0139474 0.0157413 0.76202
2 0.871692 0.359274 0.0145559 0.0200185 0.703224
1 0.723283 0.184974 0.0154524 0.214021 0.611432
3 0.735848 0.289569 0.0125592 0.0154605 0.606916
1 0.480741 0.17465 0.00695668 0.201501 0.59222
2 0.880589 0.29753 0.012957 0.0168941 0.535402
3 0.665851 0.48521 0.0223986 0.0330858 0.530563
3 0.43124 0.468887 0.019612 0.0278921 0.480645
1 0.724018 0.186079 0.0100866 0.219683 0.312375
2 0.740963 0.318411 0.0125984 0.0148122 0.305998
2 0.323314 0.327498 0.0152036 0.0199114 0.305455
