0 0.550649 0.489185 0.036501 0.06742 0.904614
3 0.152485 0.424309 0.026039 0.0365089 0.761572
1 0.766286 0.1835 0.0200875 0.217966 0.720738
1 0.520052 0.170968 0.00851895 0.199861 0.668147
2 0.485742 0.297479 0.0134473 0.0168265 0.60084
2 0.356489 0.321541 0.0146636 0.0192824 0.485902
2 0.912217 0.366376 0.0175278 0.0219872 0.475891
3 0.776353 0.288903 0.0130632 0.0162864 0.438243
3 0.877952 0.300065 0.0180576 0.0189845 0.434175
3 0.506633 0.271715 0.0110466 0.0152367 0.393999
3 0.425853 0.268601 0.0143635 0.0158316 0.337997
3 0.422701 0.268341 0.0142213 0.0148059 0.287333
