0 0.553559 0.49069 0.0352875 0.0637171 0.934408
4 0.591145 0.555437 0.0349775 0.0366496 0.8417
2 0.569096 0.380747 0.0154957 0.0183884 0.78527
2 0.0661519 0.398593 0.0159508 0.0195087 0.702937
1 0.252142 0.267299 0.0150855 0.232644 0.697421
2 0.11405 0.459187 0.018455 0.0230913 0.665977
3 0.240435 0.383353 0.01437 0.0164871 0.637225
3 0.534861 0.360946 0.0133183 0.0162706 0.605309
3 0.126576 0.395402 0.0196027 0.0196966 0.561493
1 0.517093 0.252035 0.00749761 0.208068 0.528707
4 0.436466 0.407475 0.0344685 0.0158865 0.527693
3 0.617615 0.353829 0.0113652 0.0143222 0.453572
2 0.659263 0.350668 0.0130205 0.0138933 0.431237
3 0.240052 0.384959 0.0180785 0.0204008 0.404556
