4 0.17831 0.876894 0.0928685 0.0873961 0.936028
4 0.722679 0.536277 0.0422224 0.0404022 0.932312
0 0.66365 0.543789 0.0407008 0.0792844 0.898432
2 0.0980361 0.514216 0.0245107 0.0353354 0.773721
4 0.961431 0.388904 0.0426502 0.0229091 0.73011
2 0.665852 0.320298 0.016226 0.0216464 0.717346
3 0.413591 0.371795 0.027154 0.0274713 0.668436
1 0.896793 0.186494 0.0231129 0.234175 0.641236
2 0.821317 0.323024 0.0173206 0.0239428 0.57347
3 0.778529 0.277878 0.0160976 0.020319 0.431069
2 0.742301 0.269457 0.0136118 0.0165151 0.355153
