0 0.536539 0.488127 0.0356627 0.0661311 0.886303
3 0.118742 0.438639 0.0249061 0.0341325 0.784161
3 0.832852 0.295576 0.0138573 0.015782 0.765999
2 0.871518 0.359223 0.0146801 0.0200369 0.704882
1 0.723325 0.18504 0.0155686 0.213876 0.610568
3 0.735804 0.28963 0.0125273 0.0153522 0.602346
1 0.480771 0.174884 0.00705986 0.200824 0.586544
2 0.880218 0.29734 0.0129198 0.0168756 0.542536
3 0.665859 0.485321 0.0224542 0.0331441 0.512979
3 0.431245 0.46907 0.019697 0.0280713 0.476434
2 0.323283 0.327716 0.0154355 0.0198694 0.355051
2 0.741001 0.318427 0.0126299 0.0148972 0.330346
1 0.724032 0.185945 0.0101114 0.220045 0.313495
