0 0.498218 0.463078 0.0235609 0.0430316 0.93648
2 0.240717 0.680884 0.0353142 0.0436866 0.817582
2 0.561219 0.73824 0.0271188 0.0493578 0.805946
1 0.796683 0.4646 0.0342707 0.857976 0.637586
1 0.262228 0.342196 0.00885868 0.186567 0.621746
3 0.1644 0.436275 0.0161454 0.0154831 0.607039
1 0.800859 0.41636 0.0304386 0.75049 0.499057
1 0.469511 0.33299 0.00743787 0.179289 0.471201
2 0.173363 0.463298 0.0139655 0.0162447 0.454352
3 0.773723 0.900934 0.0294548 0.0367809 0.436912
3 0.615033 0.497637 0.0186994 0.0235932 0.436577
2 0.116236 0.440085 0.0147264 0.0173004 0.353305
1 0.994163 0.78946 0.0116746 0.42108 0.345728
3 0.11383 0.539141 0.0191929 0.024101 0.321058
1 0.790503 0.673929 0.0415659 0.435125 0.315737
4 0.766655 0.625961 0.0233061 0.0283884 0.288868
1 0.989944 0.702911 0.0201124 0.594178 0.251382
