0 0.394063 0.488976 0.0514095 0.0906257 0.944021
4 0.52569 0.290069 0.0373789 0.0188346 0.733411
1 0.695942 0.127247 0.0167004 0.243619 0.692544
4 0.430529 0.469189 0.0262422 0.0388934 0.634493
1 0.41275 0.119506 0.012057 0.239011 0.619264
2 0.871968 0.329174 0.017847 0.0211296 0.616925
2 0.367776 0.266148 0.0152653 0.0165294 0.616889
3 0.711421 0.251738 0.0147949 0.0167704 0.61253
2 0.883387 0.262431 0.0153172 0.0193371 0.56536
3 0.396592 0.244034 0.0150626 0.0173078 0.438583
3 0.712102 0.257255 0.0153943 0.0191297 0.291643
2 0.714827 0.283151 0.0159502 0.0196281 0.282393
2 0.253682 0.231964 0.0146183 0.0174068 0.281705
3 0.298862 0.239794 0.016242 0.0196122 0.251229
