0 0.53368 0.488537 0.0364468 0.0643423 0.8901
3 0.116883 0.437963 0.0253189 0.0330124 0.811544
3 0.83144 0.295327 0.0139372 0.015298 0.757231
2 0.870069 0.35958 0.0147457 0.0193208 0.756192
3 0.735362 0.290485 0.0130455 0.015454 0.659795
1 0.722689 0.184137 0.0153617 0.211996 0.634182
1 0.479425 0.175565 0.00754019 0.202325 0.580585
2 0.879155 0.297135 0.0128327 0.0166452 0.519072
4 0.405739 0.943188 0.0963228 0.108987 0.426364
2 0.739662 0.317411 0.0127496 0.0147351 0.351892
3 0.429809 0.468051 0.0203343 0.0275905 0.340397
2 0.447397 0.30022 0.0134025 0.0198435 0.251222
