0 0.536525 0.488194 0.0356163 0.0662975 0.887767
3 0.118781 0.438398 0.0250677 0.0342771 0.785474
3 0.83281 0.295685 0.0139409 0.0158449 0.759023
2 0.871728 0.35933 0.014595 0.0199858 0.702387
1 0.723347 0.184838 0.0155357 0.213614 0.615739
3 0.735807 0.289437 0.0125912 0.0153936 0.605896
1 0.480827 0.174569 0.00699883 0.201249 0.594673
3 0.665935 0.485179 0.0223014 0.0328109 0.548549
2 0.880428 0.29744 0.0130253 0.0168789 0.540998
3 0.431326 0.468987 0.0198021 0.028184 0.49503
1 0.724047 0.18585 0.0100833 0.219859 0.317374
2 0.741099 0.318469 0.0126135 0.0148207 0.303879
