0 0.666618 0.807557 0.0558254 0.103612 0.944371
4 0.456814 0.511376 0.0484503 0.0358669 0.863022
4 0.74484 0.966354 0.0756452 0.067293 0.849949
2 0.205975 0.514842 0.0201979 0.0240499 0.826518
3 0.198105 0.450159 0.019105 0.0245145 0.794702
3 0.0433773 0.472829 0.0222434 0.0244136 0.783921
1 0.554054 0.255953 0.0135401 0.276479 0.748548
1 0.212007 0.293034 0.0227521 0.311054 0.72763
2 0.624157 0.439076 0.0191361 0.022655 0.700871
3 0.573238 0.393009 0.0161753 0.021613 0.596687
2 0.82827 0.476492 0.021703 0.0259997 0.591577
3 0.674732 0.374743 0.017358 0.01946 0.580013
3 0.00771057 0.658722 0.0152731 0.0428512 0.379783
