0 0.574137 0.711612 0.0350812 0.065721 0.910853
4 0.614541 0.806939 0.0456798 0.0550313 0.866087
3 0.134692 0.493161 0.0178617 0.0212594 0.851239
2 0.128259 0.62464 0.0200218 0.0250541 0.769721
4 0.4462 0.522846 0.0395237 0.0266909 0.754807
2 0.577569 0.464913 0.0173491 0.0214962 0.734327
1 0.259725 0.353977 0.0177893 0.239223 0.695762
3 0.540628 0.425554 0.015266 0.0214847 0.682444
2 0.0737008 0.504802 0.0189207 0.0220368 0.675785
3 0.248328 0.473479 0.0177272 0.022941 0.639757
2 0.259842 0.523816 0.0175682 0.0202542 0.62026
2 0.661829 0.403341 0.014323 0.0184788 0.588225
2 0.726479 0.494905 0.0178028 0.0231442 0.570694
1 0.523684 0.31958 0.0112472 0.209188 0.48867
1 0.52456 0.312331 0.00817581 0.2149 0.445844
3 0.624573 0.409755 0.0147413 0.0188901 0.379878
