0 0.555258 0.516785 0.0342945 0.0658158 0.907774
4 0.595419 0.59234 0.0399174 0.0437149 0.873058
4 0.434064 0.396359 0.0361225 0.0190342 0.822365
2 0.56574 0.358133 0.0170229 0.0205111 0.802568
3 0.122781 0.378156 0.0193279 0.0222601 0.778316
2 0.247304 0.397867 0.0148812 0.0169645 0.693095
2 0.0609465 0.38441 0.0173339 0.0206155 0.690889
2 0.112333 0.467463 0.0172985 0.0227382 0.647563
2 0.653918 0.316028 0.0132158 0.0161893 0.635909
1 0.248214 0.242214 0.017209 0.233519 0.632121
3 0.530306 0.331213 0.014863 0.0184766 0.625486
3 0.609471 0.320227 0.0150355 0.0177658 0.591774
1 0.514113 0.223506 0.00857477 0.220897 0.579214
3 0.237425 0.362883 0.0164382 0.0190834 0.543132
3 0.61394 0.320796 0.0148897 0.0175078 0.347623
2 0.992572 0.497394 0.0146393 0.0382822 0.304711
4 0.405298 0.440942 0.021043 0.0212596 0.301028
2 0.713205 0.370752 0.0302758 0.0553745 0.260038
