0 0.324218 0.66368 0.0530744 0.0846436 0.927396
4 0.488983 0.378476 0.0394592 0.0226321 0.801055
3 0.794018 0.337113 0.0170827 0.0183447 0.786522
4 0.366449 0.621358 0.0417624 0.0456998 0.778246
2 0.831686 0.430063 0.0196358 0.0255051 0.667204
1 0.382348 0.192241 0.0115812 0.22675 0.666803
2 0.33571 0.344325 0.0158664 0.0177573 0.661001
1 0.666743 0.204275 0.0160483 0.248629 0.65903
3 0.368507 0.312782 0.0148595 0.0204148 0.650443
3 0.27058 0.308246 0.0174102 0.0184188 0.62701
2 0.851954 0.339888 0.0153862 0.0176541 0.607394
3 0.680467 0.329351 0.0148184 0.0173032 0.464
1 0.384473 0.196338 0.0129541 0.239279 0.378339
