0 0.497989 0.462632 0.0227483 0.0431777 0.935618
2 0.561245 0.738463 0.0269001 0.0487484 0.812996
2 0.240672 0.68083 0.0353551 0.0436747 0.812376
1 0.796715 0.463692 0.0344986 0.853305 0.659131
1 0.262114 0.342218 0.00871669 0.186304 0.618038
3 0.164466 0.436219 0.0162048 0.0153601 0.558976
1 0.800582 0.414744 0.0309178 0.745846 0.529414
1 0.46948 0.334179 0.00740469 0.177291 0.474722
3 0.77427 0.901127 0.0298717 0.0370193 0.448537
3 0.614487 0.497356 0.0191767 0.0235323 0.424395
2 0.173571 0.4634 0.0142807 0.0162126 0.419432
4 0.767184 0.625865 0.022866 0.0287212 0.384685
1 0.994071 0.793575 0.0118577 0.412849 0.348419
3 0.113779 0.539235 0.0193577 0.0240593 0.343481
1 0.790191 0.671273 0.0389052 0.43406 0.328927
2 0.116247 0.439969 0.0152937 0.0175303 0.314667
2 0.614715 0.500981 0.0188782 0.0252706 0.255205
