0 0.498194 0.463052 0.0234579 0.0429679 0.93553
2 0.240713 0.68086 0.0352867 0.0436533 0.817051
2 0.561226 0.738231 0.027149 0.0495028 0.807023
1 0.796675 0.464584 0.034255 0.85776 0.638947
1 0.262229 0.342197 0.00885535 0.186565 0.621537
3 0.164399 0.436275 0.0161583 0.0154854 0.60738
1 0.800856 0.416319 0.0304218 0.750389 0.496031
1 0.469489 0.332992 0.00743273 0.179337 0.46841
2 0.173365 0.463298 0.0139758 0.0162485 0.454779
3 0.615025 0.497668 0.0188333 0.0237066 0.440945
3 0.773738 0.900936 0.0294913 0.036796 0.43676
2 0.116235 0.440084 0.0147417 0.0173029 0.353732
1 0.994165 0.789516 0.0116706 0.420967 0.345621
3 0.113826 0.539127 0.0192022 0.0241064 0.325576
1 0.790511 0.674145 0.0415733 0.434648 0.313396
4 0.766655 0.625963 0.023313 0.0283805 0.289712
1 0.989947 0.702644 0.0201056 0.594711 0.250608
