0 0.556011 0.526101 0.0341762 0.0624067 0.925727
4 0.594527 0.605408 0.0392739 0.0419217 0.881692
4 0.43385 0.395565 0.0386396 0.0216263 0.77647
2 0.0608923 0.381468 0.017065 0.0215686 0.762852
3 0.237702 0.357792 0.0172386 0.0204523 0.724038
1 0.247593 0.234371 0.017292 0.235068 0.710291
3 0.530382 0.32115 0.0155703 0.0198815 0.705983
3 0.122841 0.374159 0.0191158 0.0213381 0.695348
2 0.247833 0.3968 0.0158493 0.0184415 0.659131
2 0.112649 0.470787 0.0171472 0.023378 0.638587
2 0.715354 0.372577 0.0205756 0.0331493 0.631136
2 0.566303 0.351893 0.0178301 0.0194193 0.622093
1 0.514287 0.213205 0.00865822 0.221035 0.558974
4 0.404649 0.475751 0.0216508 0.0283198 0.538455
3 0.61556 0.311408 0.0140415 0.0160803 0.498494
3 0.597845 0.31173 0.0119196 0.0153011 0.450639
3 0.609522 0.3115 0.0157568 0.0173178 0.406611
3 0.613652 0.309806 0.0138301 0.018998 0.328024
