0 0.493505 0.481705 0.0245402 0.0426678 0.91639
2 0.481372 0.956025 0.0416311 0.064214 0.871029
4 0.514655 0.52601 0.0219475 0.0209539 0.793252
1 0.663639 0.717205 0.0363266 0.565589 0.777197
4 0.418592 0.420071 0.0202864 0.0139523 0.695898
1 0.276832 0.306445 0.0118395 0.185693 0.668327
3 0.106062 0.585142 0.0201098 0.0216418 0.65215
1 0.486047 0.297448 0.00623495 0.172151 0.526985
1 0.834762 0.845004 0.0593027 0.309992 0.505174
3 0.268479 0.404236 0.012338 0.0148927 0.472933
3 0.187349 0.83798 0.0244829 0.0463641 0.43345
3 0.18114 0.407912 0.0122656 0.0150776 0.430743
2 0.182371 0.460855 0.014237 0.0184955 0.403356
2 0.187275 0.83293 0.0240049 0.0397979 0.402974
2 0.523477 0.397654 0.0124226 0.014231 0.398746
1 0.276591 0.30113 0.00789136 0.187986 0.391839
