0 0.628086 0.519959 0.0371053 0.0719444 0.928442
4 0.233837 0.913735 0.0822254 0.0969699 0.883353
4 0.672157 0.509956 0.0356816 0.0374865 0.818823
2 0.703093 0.312646 0.0160656 0.0204557 0.738859
2 0.025799 0.559951 0.0262828 0.0340654 0.736784
3 0.655136 0.275634 0.0135433 0.0169825 0.722703
3 0.326631 0.387162 0.0297486 0.0314269 0.662187
4 0.837849 0.362172 0.0365539 0.0176092 0.658458
1 0.760127 0.185143 0.0143659 0.217061 0.602001
2 0.618241 0.267911 0.0128046 0.0159569 0.575854
2 0.560898 0.317331 0.017364 0.0226569 0.525425
1 0.75791 0.185298 0.0108473 0.22089 0.28538
3 0.740779 0.292047 0.0127444 0.0163022 0.274049
