4 0.233938 0.401181 0.0434246 0.0237408 0.821855
3 0.649616 0.836822 0.0284576 0.0506564 0.820856
2 0.572468 0.462934 0.0226169 0.0243052 0.788382
2 0.659339 0.358606 0.0166718 0.0218288 0.781342
2 0.0958008 0.362298 0.0195714 0.0222864 0.760395
3 0.59755 0.354137 0.0199318 0.0244817 0.739187
1 0.166151 0.197452 0.0208562 0.251974 0.727498
3 0.0558486 0.319416 0.0180089 0.0192397 0.616268
1 0.458994 0.207035 0.0116452 0.270688 0.539921
2 0.451661 0.392847 0.0180014 0.0209133 0.32572
3 0.47706 0.348954 0.0175435 0.0215517 0.29277
