0 0.492575 0.46947 0.0232483 0.0418997 0.932262
4 0.514041 0.509441 0.0215856 0.0187822 0.856393
3 0.103725 0.556584 0.0203299 0.02185 0.808868
2 0.475156 0.850888 0.036209 0.0545471 0.804066
1 0.654744 0.594448 0.0363611 0.796356 0.777758
1 0.822971 0.713519 0.0574197 0.572962 0.772943
2 0.178553 0.752644 0.0242131 0.0355381 0.746541
1 0.486645 0.317316 0.00713347 0.173359 0.640615
1 0.27784 0.319396 0.011315 0.183162 0.610325
3 0.42062 0.515344 0.016377 0.0249311 0.489305
4 0.416791 0.427291 0.0196417 0.0127102 0.459879
3 0.135794 0.424246 0.0142892 0.016406 0.39527
2 0.635752 0.420504 0.0130099 0.0179518 0.356538
