0 0.493534 0.481729 0.0246917 0.0427713 0.923025
2 0.481161 0.955686 0.0419593 0.0636525 0.875222
4 0.514978 0.525976 0.0218611 0.0212402 0.791903
1 0.663358 0.717831 0.0361212 0.564339 0.778465
4 0.418798 0.420239 0.0214527 0.0141544 0.68738
1 0.276931 0.306629 0.0119593 0.185278 0.670424
3 0.105884 0.584755 0.0199623 0.0215349 0.660235
1 0.834642 0.845551 0.058471 0.308898 0.541961
4 0.363092 0.447691 0.0236545 0.018042 0.512042
1 0.485684 0.296843 0.00654733 0.17314 0.503274
2 0.187169 0.832869 0.0239931 0.0406514 0.488891
3 0.268836 0.404549 0.0126652 0.0152512 0.46302
2 0.523352 0.39745 0.0122885 0.0145979 0.453617
3 0.181445 0.408129 0.0127759 0.0154168 0.447555
2 0.182288 0.460889 0.0144252 0.0185345 0.433
3 0.1873 0.837448 0.024539 0.0467373 0.391548
1 0.276618 0.301877 0.00804123 0.18723 0.373596
3 0.496812 0.381137 0.0107271 0.0118839 0.260287
