0 0.493344 0.486226 0.0251739 0.0460944 0.920818
4 0.514477 0.53291 0.0211161 0.0231807 0.889786
3 0.106892 0.600038 0.0189504 0.0212306 0.80938
1 0.663626 0.764495 0.0364423 0.470301 0.797786
3 0.180322 0.404154 0.0127551 0.0154776 0.77462
2 0.635215 0.407809 0.0165861 0.0201444 0.755308
2 0.18856 0.865124 0.0254247 0.0348668 0.69839
1 0.276841 0.300234 0.0119399 0.181153 0.664305
4 0.417562 0.419648 0.026904 0.0137209 0.588973
2 0.182705 0.461407 0.0140601 0.0183382 0.588883
2 0.477585 0.985988 0.0297129 0.0280236 0.509489
1 0.485885 0.288232 0.00711765 0.174577 0.506396
4 0.363629 0.447882 0.0216708 0.0183511 0.459866
1 0.276329 0.293267 0.00780764 0.181478 0.435182
3 0.268341 0.394655 0.014908 0.0166842 0.407513
2 0.276563 0.418671 0.0147927 0.0145043 0.35021
2 0.134894 0.407914 0.0145338 0.0153081 0.278201
