4 0.401904 0.885003 0.0367314 0.0259032 0.839246
3 0.783842 0.869462 0.0211283 0.0243516 0.817315
2 0.854452 0.879524 0.0213945 0.0230593 0.732319
2 0.0922878 0.862018 0.0172599 0.0223819 0.711695
2 0.279521 0.838941 0.0169812 0.0187883 0.680127
3 0.253829 0.797525 0.0156803 0.0178659 0.603072
1 0.357945 0.689439 0.00897189 0.233182 0.585429
1 0.633805 0.710252 0.0105532 0.274514 0.582183
2 0.215227 0.79073 0.0150017 0.0170907 0.568447
3 0.652182 0.855294 0.0190945 0.0224299 0.38526
1 0.995947 0.720122 0.00810639 0.280702 0.329858
3 0.848305 0.992038 0.0185905 0.0159241 0.291683
2 0.74922 0.981631 0.0284868 0.0287349 0.291623
2 0.62224 0.893686 0.0173534 0.0183227 0.261637
