0 0.645357 0.532699 0.0406557 0.0716004 0.927672
4 0.205937 0.895578 0.0897647 0.0937985 0.870256
4 0.694751 0.522558 0.0389072 0.0328781 0.832625
4 0.892699 0.377932 0.0365045 0.0209331 0.800894
2 0.0589035 0.539565 0.0243001 0.0365459 0.743819
3 0.366302 0.383575 0.0271288 0.0292165 0.708423
1 0.822094 0.186268 0.0183771 0.218206 0.597916
2 0.756807 0.320489 0.0176591 0.021782 0.500408
2 0.670919 0.27288 0.0132514 0.0157647 0.497024
3 0.706476 0.283399 0.0158423 0.0209495 0.344125
1 0.818878 0.191311 0.0139054 0.223704 0.255795
