0 0.2939 0.680519 0.0542076 0.087882 0.918548
4 0.339839 0.637318 0.0403499 0.0503312 0.884825
3 0.666315 0.336422 0.0150656 0.0193249 0.717359
4 0.474755 0.387553 0.0440237 0.0226504 0.711194
2 0.213883 0.310166 0.0145254 0.0162843 0.678811
3 0.357862 0.318614 0.0152594 0.0190343 0.677107
2 0.838881 0.348777 0.0155565 0.0190385 0.67425
2 0.323293 0.352664 0.0163448 0.0188923 0.668191
3 0.260265 0.314949 0.0167142 0.0184668 0.663358
2 0.813154 0.442407 0.0198803 0.0233965 0.657302
1 0.651875 0.209527 0.0144274 0.250983 0.654546
1 0.370543 0.199755 0.0114945 0.227952 0.61392
3 0.78016 0.345964 0.0202887 0.0211591 0.505629
2 0.665244 0.376296 0.0137313 0.0170762 0.503495
