0 0.493547 0.481775 0.0246701 0.0427769 0.924003
2 0.481175 0.955713 0.0420117 0.0637936 0.875729
4 0.514966 0.526003 0.0217952 0.0212361 0.797678
1 0.663345 0.717868 0.0361518 0.564263 0.777538
4 0.418749 0.420213 0.0215099 0.0141548 0.686489
1 0.27693 0.306595 0.0119677 0.185311 0.671034
3 0.105889 0.584712 0.0199416 0.0215442 0.663726
1 0.834629 0.845531 0.0584557 0.308937 0.531496
4 0.363138 0.447748 0.0237429 0.0180171 0.514945
1 0.485678 0.296758 0.00654843 0.173092 0.504115
2 0.187172 0.832822 0.023984 0.0406132 0.494353
3 0.268844 0.404535 0.0126677 0.0152531 0.463248
3 0.181555 0.408075 0.0128071 0.01537 0.456281
2 0.523376 0.397367 0.012323 0.0147629 0.443129
2 0.182264 0.460908 0.0144634 0.0185226 0.43484
3 0.187307 0.837371 0.0245286 0.0466932 0.388804
1 0.276615 0.301837 0.0080339 0.187261 0.373422
3 0.496788 0.381123 0.0107151 0.0118565 0.261697
