0 0.526964 0.49033 0.0351807 0.0641205 0.912941
3 0.110963 0.440592 0.0248694 0.03495 0.754046
3 0.827959 0.297178 0.0163231 0.015745 0.703448
3 0.730449 0.290898 0.0128293 0.0145803 0.661813
1 0.718496 0.184322 0.0166617 0.217082 0.658058
2 0.86348 0.361412 0.0164944 0.0202297 0.63821
4 0.582638 0.328387 0.0288725 0.0175501 0.568517
3 0.658194 0.488818 0.021939 0.0334283 0.548127
1 0.476535 0.182311 0.0063524 0.196192 0.506816
2 0.317897 0.328475 0.0165416 0.0183808 0.460148
1 0.477189 0.179452 0.00920926 0.20237 0.287905
4 0.399433 0.947356 0.0697737 0.10239 0.28711
2 0.44571 0.30119 0.0150091 0.0215309 0.257044
