0 0.737523 0.863567 0.0759622 0.130357 0.945159
4 0.460918 0.49641 0.057579 0.0390444 0.865448
3 0.168411 0.427241 0.0206371 0.0248081 0.826982
1 0.183437 0.249548 0.0286138 0.350312 0.799881
2 0.884435 0.457782 0.0216278 0.0282722 0.755455
2 0.649751 0.417385 0.020805 0.0238624 0.673088
1 0.569819 0.214218 0.0126066 0.313636 0.631978
2 0.172504 0.498455 0.0207006 0.0265282 0.561993
2 0.752865 0.342376 0.0173656 0.0204732 0.501655
3 0.589451 0.366806 0.0179485 0.0243185 0.489527
3 0.702113 0.350205 0.0184878 0.0191316 0.473516
