0 0.536626 0.4883 0.0357849 0.0666824 0.885829
3 0.118808 0.438678 0.0249253 0.0340883 0.780069
3 0.832836 0.295685 0.0139546 0.0158494 0.758727
2 0.871674 0.3593 0.0146503 0.0200813 0.706359
1 0.723252 0.184908 0.0155711 0.213315 0.607206
3 0.735787 0.289477 0.0125324 0.0152664 0.597287
1 0.480722 0.174649 0.00700094 0.201217 0.58746
3 0.666019 0.485239 0.0224895 0.0328352 0.57488
2 0.880502 0.297518 0.0129646 0.0170503 0.52257
3 0.43133 0.468964 0.0193361 0.0275719 0.490284
2 0.323256 0.327732 0.0152772 0.0198505 0.385947
2 0.741003 0.31842 0.0126574 0.0148444 0.340171
1 0.723984 0.186036 0.010096 0.219728 0.307496
