4 0.233939 0.40118 0.043417 0.023741 0.821695
3 0.649637 0.836801 0.0284481 0.0506343 0.820608
2 0.572467 0.462934 0.0226177 0.0243046 0.788676
2 0.65934 0.358609 0.0166707 0.0218275 0.781404
2 0.0958792 0.362329 0.019622 0.0223779 0.759469
3 0.59755 0.354135 0.0199326 0.0244914 0.739246
1 0.166147 0.197449 0.0208533 0.251947 0.727561
3 0.0558404 0.319401 0.0179795 0.0192114 0.615806
1 0.458995 0.20703 0.0116438 0.270677 0.539815
2 0.45166 0.392848 0.0179956 0.0209108 0.325445
3 0.477058 0.348949 0.0175393 0.0215563 0.291818
