0 0.493405 0.469703 0.0237583 0.0427001 0.933224
3 0.10443 0.558121 0.0206703 0.0217431 0.803146
1 0.847107 0.716112 0.0620258 0.567777 0.790603
2 0.485723 0.847496 0.0355448 0.0510838 0.788571
1 0.674028 0.610543 0.0382471 0.765879 0.764973
4 0.51496 0.508314 0.0204689 0.0179065 0.762692
2 0.186784 0.752583 0.0240786 0.0348718 0.730292
1 0.276651 0.320666 0.0120031 0.188242 0.564374
4 0.442869 0.466465 0.0178041 0.0225609 0.528099
2 0.133728 0.424353 0.0144041 0.0164042 0.482136
1 0.483667 0.315533 0.00744782 0.172331 0.463672
1 0.276582 0.318291 0.00750286 0.190664 0.434628
2 0.634953 0.419166 0.0156245 0.0172569 0.354478
3 0.42278 0.516095 0.0160223 0.0249902 0.276844
3 0.578079 0.406272 0.0134441 0.0313766 0.270588
