0 0.497984 0.462716 0.0228087 0.0429763 0.933915
2 0.240682 0.680647 0.035207 0.043523 0.811985
2 0.561359 0.738369 0.027356 0.04921 0.806544
1 0.796799 0.464871 0.0341458 0.853963 0.657537
1 0.262261 0.341763 0.00879707 0.186708 0.622141
3 0.164481 0.436347 0.0163976 0.0155955 0.606289
1 0.800693 0.415593 0.0305882 0.747497 0.503059
3 0.774584 0.901045 0.0305311 0.0373592 0.487807
1 0.469395 0.333879 0.00744989 0.178536 0.472815
2 0.173354 0.463468 0.0141125 0.0160911 0.461967
3 0.614304 0.497645 0.0192408 0.0236028 0.383207
3 0.113632 0.538847 0.0192354 0.0242939 0.36817
4 0.767022 0.626078 0.0232342 0.028672 0.350123
1 0.790095 0.676075 0.0389151 0.427202 0.332569
1 0.99436 0.784448 0.0112806 0.431104 0.324215
2 0.61455 0.501017 0.0190044 0.0251615 0.289264
