4 0.670798 0.891837 0.0599043 0.0712902 0.922043
0 0.616236 0.765664 0.0433251 0.080452 0.910686
4 0.452259 0.525513 0.042548 0.0309379 0.860745
3 0.0923886 0.49161 0.0223781 0.0230441 0.823652
2 0.0211829 0.504726 0.0211131 0.0238586 0.785921
2 0.235867 0.528381 0.0168613 0.021384 0.771314
3 0.225407 0.468982 0.01935 0.0243013 0.762071
2 0.0708206 0.651345 0.0219048 0.0285958 0.716098
1 0.237772 0.330388 0.0202864 0.271938 0.704768
3 0.650962 0.399694 0.0162346 0.0188241 0.69432
2 0.776285 0.494274 0.021503 0.0278805 0.653076
1 0.539843 0.297334 0.0111223 0.245641 0.641246
3 0.556884 0.4159 0.0157965 0.0213154 0.64108
2 0.600742 0.460372 0.0185942 0.0202129 0.490176
2 0.691082 0.391494 0.0115395 0.0165372 0.267381
