0 0.737467 0.863399 0.0760433 0.130161 0.946247
4 0.460939 0.496437 0.0578063 0.0393455 0.865105
3 0.168578 0.427228 0.0204518 0.0247756 0.829873
1 0.183551 0.249871 0.0285091 0.34989 0.789533
2 0.884395 0.457713 0.0218285 0.0281885 0.75099
2 0.649786 0.417451 0.0208189 0.0239143 0.676966
1 0.569783 0.214427 0.0127495 0.3136 0.639733
2 0.172624 0.498557 0.0206331 0.0264575 0.559865
2 0.753491 0.342626 0.0175024 0.0205192 0.55065
3 0.58957 0.366833 0.0181004 0.0245098 0.500273
3 0.70197 0.350242 0.0185049 0.0192026 0.461109
