4 0.232025 0.951436 0.0471057 0.0490162 0.854786
0 0.17305 0.980027 0.0391196 0.0381988 0.851848
2 0.717402 0.782701 0.02225 0.0235897 0.820732
4 0.441058 0.689284 0.031928 0.0236397 0.809433
2 0.792735 0.670117 0.0178151 0.0202662 0.780697
2 0.256865 0.579789 0.0129607 0.0165786 0.76396
3 0.738505 0.66167 0.0202045 0.0217246 0.733088
3 0.636646 0.645054 0.0162586 0.0204761 0.670116
2 0.328475 0.638729 0.0159017 0.0186549 0.667504
2 0.614706 0.691794 0.0176071 0.017247 0.634691
1 0.383043 0.49995 0.00895575 0.192882 0.631936
1 0.620462 0.532667 0.00896472 0.222972 0.58305
3 0.371166 0.60093 0.0145568 0.0170776 0.42756
2 0.911847 0.426347 0.0164713 0.0255854 0.422738
3 0.292568 0.586379 0.0157464 0.0190978 0.39179
