0 0.293899 0.680521 0.0542033 0.0878737 0.918866
4 0.339839 0.637316 0.0403559 0.050333 0.884922
3 0.66631 0.336411 0.0150723 0.0193247 0.717577
4 0.474756 0.387553 0.0440267 0.0226489 0.71118
2 0.213865 0.310138 0.0145119 0.0162748 0.678275
3 0.357865 0.318617 0.015258 0.0190395 0.676968
2 0.838909 0.34882 0.0155792 0.0190686 0.673152
2 0.323287 0.352682 0.0163433 0.0188883 0.668668
3 0.260265 0.314942 0.0167254 0.018482 0.663856
2 0.813191 0.442454 0.0199356 0.0234483 0.661124
1 0.651877 0.20952 0.0144342 0.250994 0.655364
1 0.370543 0.199757 0.0114939 0.22795 0.614014
3 0.780152 0.345961 0.0203126 0.0211701 0.506123
2 0.665221 0.376302 0.0137335 0.0170782 0.50199
