0 0.557733 0.490281 0.037582 0.0653917 0.93552
4 0.597693 0.557025 0.0363679 0.0368755 0.833307
2 0.572859 0.379281 0.0148575 0.01993 0.809086
2 0.0606288 0.396838 0.01668 0.0208955 0.688747
2 0.108111 0.459397 0.0185983 0.0235881 0.684029
1 0.250417 0.263796 0.0146804 0.239412 0.66688
3 0.238896 0.381687 0.0141766 0.0164828 0.621368
4 0.439397 0.406913 0.0341411 0.015809 0.598571
3 0.122475 0.393637 0.0198801 0.0217855 0.566739
1 0.519592 0.249184 0.00809237 0.212185 0.559552
3 0.620185 0.352596 0.0134721 0.0153702 0.469068
3 0.535663 0.359085 0.0130014 0.0170698 0.46468
2 0.66236 0.347987 0.0120188 0.0145039 0.365302
3 0.23966 0.384897 0.0164477 0.0212032 0.322634
3 0.237546 0.383205 0.0150738 0.0204224 0.314845
3 0.61759 0.351781 0.0142964 0.0177382 0.282151
2 0.246353 0.405831 0.0151408 0.0162298 0.254032
