0 0.785342 0.870081 0.0697387 0.123558 0.95694
4 0.394554 0.608271 0.0481144 0.0396317 0.837398
2 0.763773 0.535288 0.0240778 0.0246937 0.762601
1 0.0633808 0.384708 0.0266081 0.384158 0.759079
1 0.453714 0.34407 0.0109117 0.292726 0.649382
3 0.0445112 0.582978 0.0246149 0.0281612 0.629281
2 0.618072 0.45022 0.0149681 0.016648 0.596698
2 0.0765663 0.648926 0.0259247 0.0269141 0.583979
2 0.549542 0.520634 0.0191816 0.0239658 0.568782
3 0.47505 0.483651 0.016453 0.020878 0.510791
3 0.578846 0.461031 0.0164641 0.018583 0.388212
