0 0.737551 0.912231 0.0766674 0.135104 0.954075
4 0.461269 0.521768 0.0537697 0.0395347 0.842906
3 0.168514 0.449266 0.0207047 0.0238949 0.837692
1 0.183251 0.27016 0.029305 0.349704 0.810935
2 0.884096 0.481823 0.0223846 0.0283626 0.800061
2 0.754096 0.35976 0.0178651 0.0215031 0.711917
2 0.650478 0.438591 0.0218757 0.0251736 0.661723
2 0.172629 0.524344 0.0214475 0.0271123 0.657853
1 0.569743 0.234427 0.012395 0.314474 0.649806
3 0.587829 0.38452 0.0170446 0.0238814 0.580954
3 0.702649 0.367081 0.020129 0.0210627 0.285292
