0 0.52207 0.485384 0.0304315 0.0531285 0.912012
4 0.913239 0.90823 0.0846487 0.0898971 0.904675
4 0.550418 0.537589 0.0258873 0.0289132 0.849354
3 0.0317296 0.618731 0.0271269 0.0358463 0.847524
3 0.152421 0.402086 0.0171655 0.0192915 0.768059
2 0.147309 0.460903 0.0149429 0.0207449 0.64826
1 0.263968 0.283888 0.0124437 0.215829 0.641194
3 0.909418 0.480947 0.0291523 0.0306823 0.577366
4 0.427477 0.417063 0.0305336 0.0162671 0.37479
2 0.0994302 0.405307 0.0170565 0.0187649 0.331856
1 0.50287 0.272219 0.00836922 0.196038 0.29417
