0 0.555968 0.52536 0.0344157 0.062642 0.927645
4 0.594567 0.603919 0.0403532 0.042999 0.898941
4 0.432941 0.394053 0.0401947 0.0201064 0.730174
2 0.0616354 0.380481 0.0169721 0.0214324 0.718557
3 0.530677 0.320545 0.01516 0.0191919 0.695482
1 0.247447 0.234712 0.0174829 0.235131 0.677672
2 0.112166 0.468807 0.0173052 0.0239288 0.673157
2 0.566798 0.351876 0.0180746 0.0197455 0.670862
3 0.236535 0.358463 0.0172926 0.0228501 0.655903
2 0.711418 0.373232 0.0186511 0.0289019 0.655176
3 0.123097 0.373184 0.0192037 0.0218036 0.637248
3 0.615712 0.310888 0.01473 0.0168346 0.628207
1 0.514246 0.213356 0.00866468 0.219174 0.566731
2 0.248082 0.39546 0.01657 0.0190555 0.53675
2 0.713349 0.371456 0.0219294 0.0347272 0.439109
3 0.612533 0.310618 0.0165382 0.0177576 0.413528
