2 0.581867 0.489176 0.0225163 0.0249507 0.839498
3 0.65312 0.819513 0.0280348 0.0532285 0.816919
4 0.272986 0.430594 0.039914 0.0259367 0.785826
1 0.202602 0.234925 0.0171509 0.224574 0.766838
3 0.603804 0.383183 0.0230221 0.0236051 0.732422
3 0.19553 0.355479 0.0156145 0.0211306 0.685749
3 0.49437 0.377185 0.0162424 0.0183885 0.684784
2 0.471854 0.41923 0.0182667 0.0174233 0.658742
4 0.011635 0.708629 0.0230099 0.0564952 0.655527
1 0.477091 0.254143 0.0114889 0.248238 0.617931
2 0.141041 0.392044 0.0185669 0.0204493 0.612316
2 0.659465 0.387144 0.0160635 0.0207742 0.601519
3 0.099936 0.349685 0.0179181 0.0224713 0.272983
