0 0.493409 0.486137 0.025133 0.0461781 0.921669
4 0.514149 0.53294 0.0204582 0.0224345 0.870179
3 0.106919 0.599849 0.0188152 0.0212848 0.810485
1 0.663374 0.764148 0.0364332 0.469776 0.80087
3 0.180115 0.40414 0.0124871 0.0154679 0.767231
2 0.188671 0.864993 0.0251854 0.0344102 0.694938
2 0.635315 0.408414 0.0163389 0.0199637 0.691096
1 0.276826 0.300612 0.0119344 0.182063 0.663043
4 0.417312 0.419515 0.0272281 0.0137508 0.561158
2 0.182646 0.461164 0.0141972 0.0184315 0.558653
4 0.363646 0.447732 0.021914 0.0187736 0.519795
2 0.477768 0.985981 0.0295082 0.0280379 0.485122
1 0.485829 0.288282 0.00707322 0.173842 0.479426
1 0.276308 0.293548 0.00781908 0.181554 0.434884
3 0.134943 0.407658 0.0145192 0.0150567 0.397348
3 0.268311 0.394897 0.0148401 0.0167682 0.390841
2 0.276652 0.418741 0.0149386 0.0146088 0.376594
2 0.5981 0.37894 0.0172936 0.0215566 0.258172
