0 0.4982 0.463108 0.0235947 0.0428962 0.937584
2 0.240714 0.680859 0.0352852 0.0436127 0.817244
2 0.561197 0.738176 0.0272217 0.0496672 0.806172
1 0.796657 0.464 0.0342787 0.86028 0.641422
1 0.262204 0.342263 0.00889225 0.186419 0.622518
3 0.164399 0.436277 0.0161658 0.0155058 0.610137
1 0.80095 0.415953 0.0303849 0.750736 0.507316
1 0.469564 0.333025 0.00745977 0.179259 0.473269
2 0.173365 0.463295 0.0139671 0.0162592 0.455732
3 0.615176 0.497583 0.0186653 0.0232083 0.450246
3 0.773747 0.900939 0.0294176 0.0368239 0.431
2 0.116246 0.440084 0.0147314 0.0173024 0.352989
1 0.994167 0.788504 0.0116661 0.422992 0.343569
3 0.113828 0.539146 0.0191793 0.0241297 0.32044
1 0.790493 0.673983 0.0415529 0.435021 0.316471
4 0.766652 0.625956 0.0233015 0.02843 0.285908
1 0.989941 0.701887 0.0201181 0.596226 0.25086
