0 0.553534 0.490742 0.0353588 0.0635583 0.93595
4 0.591156 0.555455 0.0350938 0.0361366 0.836925
2 0.569484 0.38084 0.0152391 0.0185347 0.791581
2 0.0661481 0.398776 0.0159686 0.0197948 0.714816
1 0.252189 0.267256 0.0150472 0.232966 0.701031
2 0.114195 0.459335 0.018494 0.0228894 0.673436
3 0.240584 0.383207 0.0140207 0.0164638 0.639665
3 0.534621 0.360857 0.0136348 0.0165533 0.624836
3 0.126488 0.39536 0.0197217 0.0199024 0.582403
4 0.436606 0.407752 0.0342947 0.0162642 0.540199
3 0.617885 0.354087 0.0116008 0.0145678 0.53536
1 0.516843 0.251554 0.00769893 0.211273 0.527798
2 0.659219 0.350056 0.013098 0.0139258 0.416251
3 0.240262 0.385011 0.0179574 0.0203269 0.386198
