0 0.557728 0.490277 0.0374905 0.0654167 0.935364
4 0.597688 0.557046 0.0369096 0.0370216 0.829617
2 0.572823 0.379305 0.0151075 0.020048 0.805285
2 0.0605416 0.396987 0.0168018 0.0210236 0.692219
2 0.10808 0.459359 0.0184944 0.0236402 0.683295
1 0.25043 0.263736 0.0147657 0.239626 0.667594
3 0.238814 0.381623 0.0143443 0.0167851 0.619397
4 0.43865 0.406696 0.0347449 0.0155057 0.597802
1 0.519748 0.24915 0.0080814 0.212081 0.557056
3 0.12256 0.393555 0.0200929 0.0219354 0.552527
3 0.620371 0.352767 0.0135647 0.0152225 0.481474
3 0.535635 0.358942 0.012989 0.0171279 0.467231
3 0.239492 0.384772 0.0164922 0.0211587 0.330531
3 0.237491 0.383088 0.0150814 0.0205208 0.33009
2 0.661675 0.34789 0.0120067 0.0154312 0.283412
3 0.617672 0.351994 0.0143376 0.0179892 0.255165
