0 0.567416 0.661361 0.0331415 0.0632493 0.939726
4 0.606957 0.751567 0.0432129 0.0504418 0.873555
4 0.442954 0.487511 0.0361383 0.0257912 0.864051
2 0.0690014 0.469174 0.0191396 0.0219832 0.835873
2 0.254807 0.489629 0.0167276 0.0189201 0.820772
1 0.254322 0.317003 0.0180204 0.229677 0.770567
2 0.122267 0.583892 0.0188572 0.0246158 0.748146
3 0.242946 0.443525 0.0190083 0.0227296 0.714124
2 0.658142 0.37633 0.0141343 0.0174954 0.713956
2 0.733473 0.468655 0.0188095 0.0330917 0.700185
3 0.620263 0.384937 0.0145344 0.0178564 0.695297
3 0.537469 0.394633 0.0136977 0.0187962 0.609697
3 0.129817 0.460554 0.0197994 0.0202122 0.590239
1 0.521387 0.289924 0.0087701 0.221453 0.586049
2 0.726607 0.466183 0.0206444 0.0313714 0.4833
4 0.41493 0.593703 0.0233396 0.0298934 0.471861
2 0.7347 0.471915 0.0146328 0.032558 0.438203
