0 0.553454 0.490687 0.0353362 0.0635693 0.937844
4 0.591111 0.555465 0.0351458 0.0363196 0.832478
2 0.56951 0.38057 0.0149418 0.0183447 0.790842
2 0.0660853 0.398737 0.0158968 0.0196109 0.711847
1 0.252169 0.267557 0.0150146 0.232491 0.694753
2 0.114247 0.459235 0.0185655 0.0230218 0.669916
3 0.24049 0.383311 0.0142783 0.0165447 0.63979
3 0.534876 0.360911 0.0135636 0.0164414 0.59022
3 0.126567 0.395234 0.0196488 0.0198227 0.560825
4 0.436499 0.407587 0.033802 0.0159056 0.55386
1 0.517023 0.251635 0.00756675 0.21111 0.525913
3 0.617628 0.353827 0.0114936 0.0145911 0.504176
2 0.659423 0.350652 0.0130148 0.0139099 0.452699
3 0.240154 0.384988 0.0181225 0.0206402 0.401358
