0 0.53651 0.488365 0.0355866 0.0662759 0.892513
3 0.118702 0.438644 0.0248787 0.0343523 0.777119
3 0.832742 0.295508 0.0138809 0.0157111 0.766275
2 0.871665 0.359316 0.0146604 0.0200269 0.69704
1 0.723255 0.184871 0.0154625 0.213824 0.620637
3 0.735885 0.28956 0.0125961 0.0154337 0.599102
1 0.480868 0.174701 0.00694199 0.201202 0.590216
3 0.665867 0.485114 0.0222635 0.0329046 0.535175
2 0.880437 0.297345 0.0128864 0.0168809 0.52064
3 0.431303 0.468842 0.0199049 0.028166 0.510048
2 0.323412 0.327482 0.0153633 0.0200958 0.329966
2 0.741061 0.318497 0.0126983 0.0148517 0.322703
1 0.723995 0.185884 0.0100873 0.220173 0.313767
