0 0.497877 0.462757 0.0226761 0.0429686 0.937821
2 0.240675 0.680648 0.0352206 0.0435383 0.812059
2 0.56136 0.738354 0.0273363 0.0491024 0.805186
1 0.796822 0.464931 0.0341773 0.852983 0.656812
1 0.262308 0.341757 0.00877704 0.186707 0.622064
3 0.164479 0.436348 0.0164455 0.0156344 0.610955
1 0.800627 0.415617 0.0307953 0.74719 0.499601
3 0.774598 0.901037 0.0305466 0.0373012 0.487805
1 0.469402 0.333997 0.00742874 0.178179 0.471914
2 0.173336 0.463456 0.0141171 0.0160851 0.462372
3 0.614284 0.497735 0.0192047 0.0239856 0.397116
4 0.76702 0.626055 0.0232499 0.0287532 0.360798
3 0.113646 0.538897 0.0191847 0.0243658 0.35584
1 0.790083 0.677285 0.0389093 0.424737 0.338111
1 0.994357 0.785122 0.0112866 0.429756 0.325065
2 0.614499 0.500866 0.0189187 0.0254903 0.291298
2 0.116309 0.439842 0.0153093 0.0175517 0.260888
