0 0.498204 0.462878 0.0233313 0.0430696 0.934895
2 0.240691 0.680701 0.0350525 0.0435607 0.813864
2 0.561191 0.73827 0.027042 0.0491401 0.805945
1 0.796787 0.464904 0.0341679 0.858959 0.645807
3 0.164365 0.436354 0.0164333 0.0156692 0.630504
1 0.262099 0.342216 0.00893135 0.186097 0.620028
1 0.801094 0.416313 0.0301724 0.750112 0.5275
1 0.469539 0.334188 0.00750121 0.176689 0.480632
3 0.774152 0.901186 0.0297595 0.0368481 0.450268
2 0.173349 0.463248 0.0140559 0.0162644 0.4402
3 0.614865 0.497878 0.0190108 0.0238888 0.425995
1 0.994244 0.791219 0.0115128 0.417561 0.341575
1 0.790496 0.674818 0.0412262 0.434195 0.322039
3 0.113845 0.53922 0.0193073 0.0243051 0.314599
2 0.116232 0.439849 0.0153022 0.0175801 0.311763
4 0.766661 0.625888 0.023239 0.0284246 0.283356
2 0.61496 0.50102 0.0187962 0.0252056 0.252133
