0 0.557743 0.490285 0.0375903 0.0654028 0.935296
4 0.597645 0.557017 0.036324 0.0366415 0.833653
2 0.572863 0.379277 0.0148174 0.0198619 0.80759
2 0.0606351 0.396839 0.0166841 0.0209157 0.688043
2 0.10811 0.4594 0.0185619 0.0236036 0.684344
1 0.25043 0.263799 0.0146701 0.239398 0.66732
3 0.238896 0.38169 0.0141848 0.0164854 0.621412
4 0.439386 0.406915 0.0341766 0.0157724 0.595731
3 0.122474 0.393642 0.019886 0.0217924 0.567435
1 0.51962 0.249104 0.00807074 0.212426 0.55558
3 0.620146 0.352608 0.013456 0.0153401 0.465351
3 0.535663 0.359057 0.0129765 0.0170266 0.459033
2 0.662316 0.347614 0.011796 0.0148537 0.337381
3 0.239655 0.384907 0.016459 0.0212048 0.322971
3 0.237546 0.383208 0.0150784 0.0204235 0.315906
3 0.617591 0.351749 0.0142687 0.0177396 0.28028
2 0.24636 0.405837 0.0151447 0.0162395 0.253847
