0 0.563056 0.624592 0.0355566 0.0649909 0.909311
4 0.438315 0.46339 0.0382744 0.0241178 0.838987
4 0.601818 0.712316 0.0433008 0.0481754 0.830376
2 0.118879 0.554557 0.0192447 0.0232421 0.829764
2 0.721428 0.437605 0.0206264 0.0272148 0.785173
2 0.0657636 0.445688 0.018918 0.021647 0.764021
1 0.252091 0.296479 0.0171546 0.230612 0.738731
2 0.658371 0.357335 0.0133615 0.0171335 0.736976
1 0.518275 0.270424 0.00846023 0.21707 0.727957
2 0.252462 0.46383 0.0180032 0.0191976 0.694366
3 0.533917 0.375362 0.013903 0.0205541 0.680893
3 0.239994 0.420254 0.0181228 0.0193675 0.662866
3 0.617183 0.364405 0.0141748 0.0174823 0.635736
3 0.126494 0.438762 0.0192349 0.0193455 0.531381
4 0.410582 0.560424 0.0192356 0.0336439 0.403617
