4 0.240096 0.213137 0.0443562 0.0334617 0.839052
1 0.175604 0.0478474 0.0192098 0.0921845 0.809485
2 0.589854 0.316594 0.0282769 0.0319653 0.773908
2 0.46815 0.199117 0.0209361 0.0224626 0.769941
3 0.622024 0.144498 0.0230821 0.0253891 0.766022
2 0.687168 0.153432 0.0180732 0.024019 0.674554
1 0.477265 0.0664112 0.0143998 0.124034 0.661848
3 0.0583401 0.0785712 0.0205526 0.0214542 0.644707
3 0.497633 0.131477 0.0190543 0.021981 0.610035
2 0.0955736 0.149146 0.0205979 0.0255585 0.544563
2 0.0086943 0.0740821 0.0154974 0.0204641 0.374471
