0 0.565715 0.493734 0.0365053 0.0697754 0.896085
2 0.960194 0.380979 0.0180828 0.0250674 0.803015
3 0.932223 0.311324 0.017017 0.018262 0.753024
3 0.184052 0.415567 0.0248813 0.0376756 0.749848
4 0.659044 0.328735 0.0306731 0.0184459 0.688157
1 0.814183 0.189007 0.0217114 0.223263 0.676757
1 0.562065 0.177034 0.00863659 0.206372 0.601603
3 0.46432 0.268187 0.0131521 0.0163633 0.564692
3 0.823919 0.296437 0.013644 0.0156903 0.545951
2 0.985469 0.311972 0.014599 0.017404 0.531806
2 0.523982 0.299047 0.0135134 0.0186627 0.267569
