0 0.53658 0.488378 0.0357581 0.0665038 0.888477
3 0.118676 0.438547 0.0249941 0.0339082 0.786572
3 0.833128 0.295782 0.0138016 0.015714 0.753531
2 0.871841 0.359352 0.0146774 0.0199498 0.699663
1 0.723295 0.18489 0.0156994 0.21365 0.629152
3 0.735887 0.289648 0.0125674 0.0153704 0.60442
1 0.48077 0.174754 0.00696804 0.200855 0.588209
2 0.880517 0.297467 0.0129631 0.0168427 0.551441
3 0.431305 0.469114 0.0196789 0.0279979 0.50262
3 0.665926 0.485244 0.0221951 0.0326947 0.490214
2 0.740848 0.318431 0.0126193 0.0148539 0.310618
1 0.72401 0.186111 0.0101433 0.21933 0.298678
2 0.32327 0.327505 0.0150554 0.0196519 0.268728
