2 0.706546 0.798196 0.0166564 0.0204575 0.865992
4 0.527621 0.737323 0.0275697 0.0180984 0.776827
0 0.420873 0.914138 0.0232968 0.0438103 0.731399
3 0.209186 0.82919 0.0214251 0.0299353 0.692585
1 0.643768 0.627089 0.00908241 0.148387 0.670051
3 0.723044 0.717084 0.0167117 0.0174846 0.621644
2 0.759216 0.726127 0.0153121 0.0193517 0.507723
2 0.640885 0.739668 0.0136002 0.0161749 0.5045
3 0.409801 0.658292 0.012087 0.0150709 0.503451
2 0.444559 0.696248 0.0131559 0.0192694 0.501275
1 0.475559 0.606881 0.00545481 0.138065 0.455081
4 0.44104 0.894057 0.0159975 0.0221644 0.412137
3 0.729017 0.982971 0.0201751 0.0322953 0.39084
3 0.507788 0.914389 0.0154218 0.0199789 0.371081
1 0.477301 0.60182 0.00910932 0.135513 0.306195
2 0.639718 0.737729 0.0134177 0.0164506 0.305393
3 0.410507 0.658373 0.0145946 0.0192898 0.250176
