0 0.557722 0.4903 0.037485 0.0654107 0.934966
4 0.597701 0.557077 0.0367977 0.0369601 0.82949
2 0.572828 0.379283 0.0150106 0.01997 0.80275
2 0.0605381 0.396987 0.016818 0.0210527 0.690917
2 0.108079 0.459363 0.0184711 0.0236618 0.683943
1 0.25043 0.263716 0.0147652 0.239668 0.668438
3 0.238818 0.381618 0.0143445 0.0167902 0.621576
4 0.438649 0.406697 0.0347601 0.0155393 0.59917
3 0.122557 0.393557 0.0201011 0.0219582 0.55304
1 0.51979 0.249198 0.00805245 0.212123 0.551462
3 0.620381 0.352761 0.0135015 0.0151635 0.472143
3 0.535655 0.358911 0.013002 0.0170831 0.465033
3 0.239502 0.384768 0.0165005 0.0211741 0.333488
3 0.237496 0.383087 0.0150869 0.0205395 0.333122
3 0.617674 0.351959 0.0142691 0.0179065 0.250474
