0 0.728726 0.956155 0.0733448 0.0841032 0.92005
4 0.456828 0.557873 0.0549826 0.0425496 0.833883
2 0.647347 0.468267 0.020721 0.0247095 0.776653
2 0.880482 0.516426 0.0244835 0.0313988 0.737264
2 0.167713 0.560967 0.0247248 0.0275666 0.734294
3 0.164181 0.481725 0.0210383 0.0254437 0.719391
1 0.180015 0.303016 0.0298819 0.347351 0.718957
1 0.565021 0.264681 0.0155609 0.304618 0.697519
2 0.749417 0.384117 0.0164882 0.0210492 0.668875
3 0.586526 0.411911 0.01791 0.0238829 0.525926
3 0.698687 0.393327 0.01843 0.0217489 0.51748
