0 0.728707 0.956157 0.0734262 0.0840958 0.918439
4 0.456822 0.557874 0.054999 0.042567 0.833055
2 0.647349 0.468263 0.0207036 0.0247048 0.776576
2 0.880515 0.516465 0.0243969 0.0313388 0.737565
2 0.167713 0.560966 0.0247148 0.0275618 0.734485
3 0.164183 0.481722 0.0210426 0.0254758 0.719883
1 0.180012 0.303014 0.0298957 0.347364 0.71898
1 0.564998 0.264576 0.0155836 0.304924 0.697779
2 0.749421 0.38411 0.0164873 0.0210337 0.668849
3 0.586505 0.411895 0.0179646 0.0238932 0.537178
3 0.698692 0.393324 0.0184358 0.0217245 0.516236
