0 0.536566 0.488432 0.0356582 0.0665449 0.892732
3 0.118784 0.438721 0.0250303 0.0343508 0.778213
3 0.832876 0.295722 0.0137963 0.0156156 0.74665
2 0.871656 0.359269 0.0147007 0.0200344 0.711001
1 0.723357 0.184911 0.015639 0.213625 0.612133
3 0.735851 0.289488 0.0126148 0.0154509 0.601538
1 0.480792 0.174685 0.00698222 0.201439 0.589745
2 0.880439 0.297361 0.0129938 0.0170416 0.543076
3 0.665933 0.485216 0.0226499 0.0332544 0.534756
3 0.431315 0.469014 0.0196241 0.0276305 0.512106
2 0.323187 0.327676 0.015239 0.0197489 0.36767
2 0.741034 0.318381 0.0126442 0.0148053 0.34123
1 0.724045 0.185985 0.0101021 0.219698 0.313978
