0 0.553491 0.490663 0.0353425 0.0635257 0.936877
4 0.591137 0.555385 0.035096 0.0360454 0.836263
2 0.569476 0.380804 0.0151404 0.0182291 0.780425
4 0.389088 0.492527 0.0226758 0.0271002 0.749868
1 0.252135 0.267091 0.0151986 0.233128 0.711966
2 0.0659048 0.398823 0.0156833 0.0193441 0.706474
2 0.114121 0.459399 0.0183513 0.022772 0.670992
3 0.240613 0.383421 0.0140144 0.0164676 0.642888
3 0.53489 0.360921 0.0137649 0.0165792 0.597491
3 0.126596 0.395243 0.019756 0.0196236 0.549429
1 0.517047 0.251836 0.00758058 0.208383 0.525152
3 0.617604 0.354012 0.011269 0.014136 0.515075
4 0.436471 0.407768 0.0349565 0.0163216 0.474189
3 0.240218 0.385173 0.0179229 0.0202566 0.393129
2 0.659017 0.350218 0.0132221 0.0139879 0.386683
