0 0.55768 0.490276 0.0375805 0.0654662 0.935088
4 0.597596 0.557007 0.0364101 0.0370167 0.842931
2 0.572966 0.379245 0.0149413 0.0199356 0.796117
2 0.0602699 0.397416 0.0169918 0.0210199 0.708436
2 0.108071 0.459509 0.0184661 0.0235779 0.692497
1 0.250421 0.264051 0.0147389 0.239028 0.659653
3 0.239047 0.381994 0.0141171 0.0164555 0.621649
4 0.438702 0.406933 0.0349656 0.0155817 0.569569
1 0.519639 0.248882 0.00814447 0.212678 0.568256
3 0.122556 0.393444 0.020037 0.0219302 0.543165
3 0.620204 0.352542 0.0134213 0.0154097 0.476348
3 0.535847 0.359693 0.0131249 0.0168263 0.447254
2 0.662118 0.348802 0.011359 0.0139789 0.396261
3 0.23962 0.385015 0.016383 0.0210752 0.353108
3 0.237601 0.383546 0.0150827 0.0203911 0.28997
3 0.617534 0.351592 0.0142906 0.0177789 0.278626
