2 0.632033 0.440005 0.0242767 0.0280564 0.840389
2 0.746007 0.336535 0.0189173 0.0228639 0.798701
4 0.287492 0.35601 0.0422012 0.024501 0.73974
2 0.161762 0.312675 0.0189062 0.0225536 0.729276
1 0.241784 0.150544 0.019921 0.258287 0.692504
2 0.51446 0.356306 0.018547 0.0186116 0.686524
3 0.676218 0.330073 0.0199438 0.0246986 0.636994
1 0.533388 0.169816 0.0108524 0.291669 0.620539
3 0.548884 0.31722 0.0159912 0.0174495 0.560431
2 0.0976755 0.265455 0.0151713 0.0184758 0.549718
3 0.135138 0.272005 0.0150737 0.0181092 0.439579
