0 0.500073 0.46264 0.0240023 0.0448007 0.897301
2 0.266077 0.681668 0.0336124 0.0455106 0.78809
2 0.592867 0.736317 0.0249321 0.0457936 0.745858
1 0.844576 0.456889 0.0383427 0.845148 0.733782
1 0.462513 0.336873 0.0064025 0.165579 0.632596
4 0.799135 0.623908 0.052924 0.0355534 0.62963
2 0.169961 0.466881 0.0126268 0.0145944 0.541827
1 0.850569 0.416938 0.0331236 0.751022 0.536692
1 0.461295 0.335652 0.00690148 0.17062 0.528828
3 0.158969 0.438434 0.0161873 0.0155676 0.508957
3 0.109158 0.441345 0.0144929 0.0178087 0.498255
3 0.618471 0.497158 0.0175714 0.022723 0.475237
1 0.256748 0.340151 0.00911818 0.181857 0.473605
1 0.839891 0.614206 0.0438343 0.534229 0.349831
