0 0.731895 0.942372 0.076593 0.113989 0.954742
4 0.45805 0.541295 0.0549143 0.0401685 0.813909
3 0.586761 0.400193 0.0177094 0.0272921 0.776013
3 0.166217 0.466712 0.0202249 0.0253308 0.77562
2 0.88194 0.500515 0.0243667 0.0313534 0.750256
3 0.699075 0.382052 0.0182389 0.0212246 0.738713
1 0.180922 0.285032 0.0304597 0.351148 0.738481
1 0.566192 0.249242 0.015863 0.309326 0.690995
2 0.752925 0.374429 0.0167381 0.0212948 0.604788
2 0.646703 0.456549 0.0224599 0.0271094 0.572128
2 0.168995 0.544652 0.0241808 0.0280745 0.557195
1 0.56713 0.237378 0.0110567 0.283672 0.278174
