3 0.649776 0.837048 0.0287483 0.050988 0.830509
4 0.23407 0.401246 0.0437099 0.0238083 0.825659
2 0.572601 0.463214 0.0222123 0.0241901 0.788722
2 0.65942 0.358708 0.0165533 0.021833 0.780921
2 0.0959028 0.362384 0.0194855 0.0220889 0.756613
3 0.597551 0.354201 0.0196074 0.0244247 0.73465
1 0.166098 0.197062 0.0208464 0.253049 0.724281
3 0.05606 0.319285 0.0177999 0.0190832 0.591575
1 0.458944 0.207146 0.0117388 0.270227 0.55125
2 0.451695 0.392892 0.0179978 0.020899 0.338168
3 0.477272 0.348936 0.0174999 0.0215532 0.272681
