0 0.589954 0.503145 0.0361341 0.0713256 0.922712
4 0.722118 0.338576 0.0291518 0.0185207 0.790256
3 0.90732 0.315635 0.0165863 0.0188057 0.730027
3 0.238235 0.40331 0.0297915 0.0366058 0.712576
3 0.535894 0.268762 0.0151476 0.0181793 0.660137
2 0.590076 0.301683 0.0155707 0.0195151 0.652317
1 0.632928 0.177625 0.0115528 0.203484 0.612819
2 0.479575 0.315133 0.0158602 0.0255516 0.609793
4 0.62014 0.489104 0.0264392 0.0331325 0.598599
1 0.899863 0.192127 0.025629 0.235066 0.479334
1 0.895735 0.193474 0.0217548 0.236366 0.318262
2 0.497762 0.262741 0.0146236 0.0176625 0.283603
