0 0.504902 0.465299 0.0248102 0.0446212 0.959991
4 0.836399 0.640027 0.0550711 0.0396186 0.842206
1 0.953386 0.51664 0.053529 0.794439 0.814745
2 0.671224 0.774259 0.0252583 0.0440426 0.795245
2 0.329482 0.717669 0.0306131 0.0479767 0.74685
4 0.537088 0.496795 0.0211573 0.0201853 0.677344
2 0.163852 0.469507 0.0150796 0.0166725 0.618371
2 0.0918675 0.43999 0.0156219 0.0169583 0.503607
1 0.961326 0.506074 0.0437142 0.760997 0.445009
1 0.241796 0.336017 0.010481 0.189383 0.442961
3 0.141098 0.435045 0.0128922 0.0158971 0.406124
1 0.237925 0.332262 0.00849703 0.197467 0.392758
3 0.231056 0.427057 0.00968763 0.0145136 0.361848
2 0.625903 0.506028 0.0162031 0.0210357 0.347606
3 0.135702 0.558817 0.0217967 0.0201822 0.326384
1 0.446308 0.323106 0.00721457 0.175309 0.262632
3 0.623132 0.499026 0.0167654 0.0256168 0.252481
