4 0.67079 0.891844 0.0598555 0.0712574 0.921889
0 0.616231 0.765638 0.0433354 0.0803858 0.910725
4 0.452257 0.525515 0.0425381 0.0309438 0.86032
3 0.0923877 0.491602 0.0223705 0.0230271 0.82348
2 0.0211822 0.504719 0.0211144 0.0238527 0.785884
2 0.235868 0.52838 0.0168509 0.0213724 0.771082
3 0.225407 0.468976 0.0193348 0.0242841 0.762572
2 0.0708224 0.651337 0.0218945 0.028588 0.716473
1 0.237773 0.330376 0.0202877 0.27195 0.704969
3 0.650961 0.399689 0.0162195 0.018814 0.694663
2 0.776281 0.494225 0.0214378 0.027888 0.653475
1 0.539842 0.297333 0.0111236 0.245615 0.641668
3 0.556881 0.415899 0.0157924 0.0213164 0.640714
2 0.600743 0.460368 0.018606 0.0202096 0.491312
2 0.691081 0.39149 0.0115305 0.0165217 0.265416
