0 0.731449 0.955399 0.0740215 0.08489 0.911336
4 0.458168 0.55716 0.0539751 0.043814 0.844884
2 0.648086 0.467859 0.0201323 0.0254814 0.784551
2 0.169425 0.561424 0.0239002 0.0273093 0.759752
2 0.881513 0.515487 0.0251353 0.0319453 0.752477
1 0.181074 0.300356 0.0281652 0.346321 0.728938
1 0.566411 0.261682 0.0165008 0.308713 0.691022
3 0.166196 0.48067 0.0205169 0.0260016 0.656558
3 0.58727 0.411519 0.0177158 0.0242082 0.610188
2 0.751605 0.384227 0.0174705 0.0217675 0.585777
3 0.700049 0.392987 0.019827 0.0224796 0.40629
