0 0.498213 0.463093 0.0236145 0.0429069 0.937739
2 0.240721 0.680858 0.035302 0.0436394 0.817674
2 0.561196 0.738196 0.0271786 0.0495724 0.806126
1 0.796679 0.463783 0.0342419 0.86025 0.638927
1 0.262206 0.34226 0.00887862 0.186426 0.621842
3 0.164398 0.436277 0.016165 0.0154937 0.609417
1 0.80094 0.416085 0.0304218 0.751086 0.510443
1 0.469576 0.332838 0.00745604 0.179677 0.473899
2 0.173366 0.463298 0.0139672 0.0162476 0.455158
3 0.615157 0.497559 0.0187339 0.023193 0.450699
3 0.773733 0.90093 0.0293697 0.036779 0.429172
2 0.116235 0.440084 0.0147297 0.0172957 0.353051
1 0.994166 0.788697 0.0116674 0.422605 0.343938
3 0.113829 0.539142 0.0191817 0.024113 0.320336
1 0.790485 0.673594 0.041545 0.435749 0.320021
4 0.766666 0.625946 0.0232727 0.0284567 0.294267
1 0.989938 0.702164 0.0201234 0.595673 0.251402
