0 0.497902 0.462761 0.0227385 0.042825 0.937381
2 0.56136 0.738464 0.0272156 0.0491218 0.811845
2 0.240586 0.680794 0.0350706 0.0434194 0.811392
1 0.796676 0.465188 0.0344954 0.855953 0.656483
3 0.164367 0.436361 0.01635 0.0153721 0.618753
1 0.262272 0.342005 0.00866178 0.186818 0.615827
1 0.800633 0.414099 0.030875 0.744959 0.49563
3 0.773918 0.901001 0.0301042 0.0372538 0.472758
1 0.469509 0.335152 0.00757898 0.176027 0.469034
3 0.61476 0.497649 0.019362 0.0235098 0.444098
2 0.173401 0.463364 0.0141726 0.0160951 0.427441
2 0.116291 0.43988 0.0152922 0.0175725 0.370663
4 0.766919 0.626158 0.0232673 0.0282991 0.348487
1 0.994046 0.79492 0.0119071 0.41016 0.337771
3 0.113616 0.538921 0.019182 0.0239532 0.319253
1 0.79029 0.671928 0.0386594 0.433964 0.307313
