0 0.504725 0.463936 0.0250805 0.0465061 0.93594
4 0.836927 0.634985 0.0542813 0.0384758 0.90129
1 0.954133 0.50794 0.0504422 0.778147 0.796741
2 0.329521 0.710054 0.0304044 0.0457066 0.754211
4 0.537634 0.496074 0.0236376 0.0200834 0.72127
2 0.163646 0.46991 0.0153877 0.016895 0.649784
2 0.0918931 0.44063 0.0159101 0.0170634 0.574402
3 0.135473 0.555657 0.0192875 0.0190317 0.519919
1 0.242097 0.337263 0.0108102 0.18804 0.486077
2 0.670065 0.764201 0.0256096 0.0425918 0.477188
3 0.140377 0.436198 0.0136248 0.015565 0.407322
1 0.238016 0.333113 0.00854645 0.19783 0.39413
2 0.626117 0.504794 0.0172556 0.0218087 0.389992
1 0.961795 0.465507 0.0416762 0.696138 0.387952
1 0.446379 0.326493 0.00720579 0.175715 0.35542
3 0.582573 0.484039 0.0148291 0.0228775 0.276461
