0 0.791791 0.724825 0.0546078 0.0961313 0.944775
4 0.924174 0.789311 0.0920475 0.0586692 0.874528
3 0.844031 0.468912 0.0227201 0.0233964 0.872169
4 0.224482 0.657957 0.0617906 0.0537897 0.818739
3 0.156085 0.4848 0.0186386 0.031376 0.810828
2 0.282602 0.504234 0.0200035 0.0298236 0.804691
4 0.897926 0.667406 0.0459111 0.0450676 0.803634
1 0.121747 0.322635 0.0243856 0.356963 0.753982
2 0.268099 0.406526 0.0173119 0.0199926 0.624861
3 0.235526 0.430847 0.0175769 0.0232989 0.572011
2 0.476854 0.460789 0.0198114 0.0215785 0.565553
