0 0.557067 0.556378 0.0347418 0.0633365 0.916669
4 0.594855 0.638075 0.041132 0.0466648 0.878604
4 0.433184 0.416295 0.0377312 0.0222739 0.778304
3 0.530282 0.34001 0.0147656 0.0196049 0.738352
2 0.0617473 0.401798 0.0165654 0.0211003 0.700088
1 0.24773 0.257316 0.0185638 0.240708 0.683315
3 0.237101 0.378977 0.0174825 0.023814 0.64408
2 0.247785 0.417719 0.0168403 0.0189855 0.618955
2 0.566945 0.371966 0.0164194 0.0203555 0.581907
1 0.514172 0.231276 0.00897025 0.213253 0.560969
2 0.112948 0.496786 0.0170452 0.0230668 0.553377
3 0.12341 0.394464 0.0191069 0.0208694 0.546616
4 0.405545 0.504476 0.0214107 0.0270847 0.521692
2 0.714481 0.394464 0.0167908 0.0314173 0.504741
3 0.616978 0.329283 0.0143355 0.0168624 0.430254
