0 0.498038 0.462657 0.0228503 0.0431511 0.933728
2 0.240663 0.680826 0.0354178 0.0437479 0.812437
2 0.561225 0.738417 0.0268644 0.0486188 0.809096
1 0.796666 0.463809 0.0345701 0.853136 0.664028
1 0.262096 0.34232 0.00873508 0.186103 0.6185
3 0.164459 0.436202 0.0161808 0.0153474 0.562159
1 0.80051 0.414642 0.0310222 0.746319 0.510608
1 0.469495 0.333868 0.00740261 0.17781 0.473764
3 0.614509 0.49731 0.0192936 0.023951 0.45865
3 0.774275 0.901146 0.0299593 0.0369667 0.454606
2 0.173566 0.463398 0.0142428 0.0162179 0.420385
4 0.767141 0.625888 0.0229024 0.0286013 0.366096
1 0.994071 0.794142 0.0118581 0.411716 0.348494
3 0.11373 0.539137 0.0192973 0.0240841 0.327698
1 0.790222 0.670616 0.0389452 0.43532 0.321669
2 0.116342 0.439811 0.0153241 0.0176094 0.293948
2 0.614712 0.500787 0.0188668 0.0256273 0.25583
