0 0.493337 0.486225 0.0251641 0.0461188 0.921061
4 0.514439 0.532899 0.0211008 0.0230057 0.890624
3 0.106892 0.600037 0.0189543 0.0212387 0.809567
1 0.66362 0.764229 0.0364147 0.470318 0.799278
3 0.180326 0.404151 0.0127717 0.0154932 0.775147
2 0.635261 0.40773 0.0161826 0.0199701 0.744659
2 0.188559 0.86513 0.0254411 0.0348856 0.698829
1 0.276874 0.300273 0.0119643 0.181268 0.667341
2 0.182706 0.461408 0.0140703 0.0183398 0.589614
4 0.417518 0.419646 0.0270453 0.0137221 0.586107
2 0.477608 0.986021 0.029857 0.0279576 0.511463
1 0.485898 0.288225 0.00709277 0.17438 0.504083
4 0.363623 0.447878 0.021686 0.0183494 0.458608
1 0.276343 0.293233 0.00781802 0.181529 0.431306
3 0.268336 0.394677 0.0149045 0.0166699 0.40674
2 0.276562 0.418676 0.0147905 0.0144982 0.347297
3 0.591373 0.380515 0.0191265 0.0225423 0.298701
2 0.134894 0.407918 0.0145468 0.0153237 0.276639
