0 0.73143 0.955409 0.0739956 0.0848625 0.911571
4 0.458168 0.55716 0.053971 0.0438026 0.844743
2 0.648088 0.467856 0.0201324 0.025474 0.78437
2 0.169424 0.561424 0.0238952 0.0273049 0.759832
2 0.881516 0.515482 0.0251259 0.031934 0.752203
1 0.181074 0.300337 0.0281747 0.346354 0.728865
1 0.56641 0.261683 0.0164919 0.308714 0.691042
3 0.166195 0.48067 0.0205196 0.0260058 0.657409
3 0.58727 0.411519 0.0177157 0.0242028 0.610302
2 0.751607 0.384224 0.0174674 0.0217622 0.586284
3 0.700047 0.392988 0.0198186 0.0224648 0.405294
