0 0.394019 0.488933 0.0510603 0.0905059 0.944853
4 0.525605 0.290164 0.0375963 0.0189166 0.718028
1 0.69572 0.127273 0.0168229 0.24335 0.686113
4 0.430263 0.469435 0.0262127 0.0392209 0.641134
2 0.367932 0.266417 0.0151429 0.0165155 0.635771
3 0.711298 0.251559 0.0148097 0.0167731 0.627935
1 0.412874 0.119298 0.0120394 0.238558 0.617104
2 0.87208 0.329047 0.0176563 0.0211116 0.607927
2 0.88302 0.262533 0.015424 0.019068 0.552672
3 0.397147 0.243987 0.0149399 0.01737 0.367888
2 0.714962 0.283298 0.0159141 0.0193031 0.312443
3 0.711818 0.257047 0.0151749 0.0188055 0.272357
3 0.298476 0.239827 0.0157566 0.0193541 0.257266
