0 0.296907 0.67891 0.0524782 0.0869836 0.89782
4 0.342859 0.636428 0.0424288 0.0517762 0.891678
2 0.815273 0.440917 0.0203907 0.0230219 0.720191
4 0.477336 0.386584 0.0422936 0.0209286 0.710046
2 0.217242 0.309496 0.0142152 0.0162597 0.702232
1 0.653311 0.208744 0.0155819 0.255627 0.698867
2 0.668617 0.375217 0.0147538 0.0175792 0.684306
1 0.371531 0.197272 0.0117473 0.228632 0.664359
2 0.839489 0.348319 0.0162679 0.0190981 0.651519
3 0.26133 0.313961 0.0162283 0.01887 0.620882
2 0.323951 0.351309 0.0155242 0.0192519 0.593429
3 0.666296 0.334917 0.0133123 0.0176237 0.586494
3 0.78135 0.34489 0.0190039 0.0206688 0.488528
3 0.359688 0.318474 0.0139035 0.0186092 0.399183
