0 0.557678 0.490278 0.0375664 0.0655344 0.938805
4 0.597717 0.557142 0.0367552 0.0365302 0.830921
2 0.572886 0.379516 0.015107 0.0200487 0.786118
2 0.0603292 0.397046 0.0169396 0.0210636 0.705352
2 0.108299 0.459426 0.0184715 0.0235913 0.678924
1 0.250413 0.263669 0.01482 0.239667 0.67362
3 0.238683 0.381799 0.0144878 0.017029 0.627423
1 0.519772 0.249344 0.00799647 0.212235 0.548224
3 0.122601 0.393391 0.0204059 0.0222341 0.546729
4 0.437911 0.406657 0.0356061 0.0154007 0.523373
3 0.536049 0.359326 0.0131779 0.0172764 0.453672
3 0.619677 0.352447 0.0134509 0.0156906 0.425702
3 0.23928 0.384766 0.016555 0.0211646 0.32947
3 0.617355 0.351494 0.0143524 0.0176257 0.285286
