0 0.52641 0.492206 0.0352205 0.0670711 0.907726
3 0.110581 0.441479 0.0249596 0.0344614 0.761604
1 0.718169 0.186034 0.0151693 0.216439 0.676589
4 0.395758 0.948044 0.0692355 0.101297 0.580825
3 0.826431 0.29746 0.0152178 0.0158892 0.579662
2 0.31705 0.329592 0.0159358 0.0177422 0.574901
3 0.729377 0.291137 0.0120512 0.0137946 0.560314
2 0.862846 0.361543 0.0155605 0.0198534 0.544176
1 0.476519 0.183107 0.00664711 0.197174 0.521642
4 0.58278 0.3286 0.0308707 0.0175133 0.490708
1 0.477352 0.177427 0.00911245 0.201706 0.429555
3 0.656557 0.488891 0.0217839 0.0344627 0.330244
3 0.42323 0.470288 0.0198485 0.0328031 0.267222
2 0.735665 0.320297 0.0132615 0.0166497 0.252993
