0 0.555026 0.53961 0.0340454 0.0657398 0.924145
4 0.594894 0.619324 0.0412588 0.0463248 0.867573
3 0.122676 0.381524 0.0186627 0.0210591 0.821383
4 0.433103 0.403067 0.0361912 0.0219896 0.801303
2 0.564769 0.360712 0.0164576 0.0197453 0.786612
2 0.247671 0.406402 0.0158711 0.0191733 0.753516
1 0.247079 0.244754 0.018405 0.23619 0.690812
2 0.113076 0.483311 0.0178825 0.0250485 0.683243
2 0.060967 0.390034 0.0169462 0.0209887 0.628595
3 0.530917 0.330381 0.0150564 0.0181009 0.603779
2 0.712641 0.382336 0.0183085 0.0279801 0.587018
2 0.652748 0.311388 0.0137964 0.0163827 0.553921
1 0.514438 0.221371 0.0086563 0.212294 0.533785
4 0.404656 0.487785 0.0218003 0.0273308 0.500122
2 0.714857 0.380063 0.0200972 0.032124 0.467753
3 0.608956 0.318915 0.0140472 0.0169658 0.457867
3 0.615111 0.319309 0.0139347 0.0158825 0.454723
3 0.237644 0.365233 0.0167195 0.019495 0.348935
3 0.993243 0.514893 0.0135131 0.0418731 0.285053
