0 0.536512 0.488365 0.035581 0.066269 0.892378
3 0.118553 0.438734 0.0249158 0.0343461 0.77819
3 0.832733 0.295533 0.0139143 0.0156962 0.768653
2 0.871713 0.359317 0.0145923 0.0199526 0.69988
1 0.723255 0.184874 0.0154688 0.213822 0.620898
3 0.735887 0.289562 0.0126005 0.0154316 0.599592
1 0.480865 0.174709 0.00693454 0.201204 0.589634
3 0.665868 0.485115 0.0222691 0.0329064 0.534474
2 0.880431 0.297333 0.0129074 0.0168622 0.520602
3 0.431308 0.468846 0.0198898 0.0281445 0.513081
2 0.323404 0.327501 0.0153479 0.0200596 0.329039
2 0.741061 0.318497 0.0127002 0.0148428 0.322172
1 0.723994 0.185887 0.0100901 0.220172 0.313125
