0 0.497911 0.46278 0.0227531 0.0428224 0.937023
2 0.561373 0.738457 0.0273098 0.0494011 0.811977
2 0.240593 0.680794 0.0350816 0.0433856 0.811896
1 0.796736 0.46472 0.0342964 0.854532 0.650348
3 0.164368 0.436368 0.016355 0.0153831 0.6187
1 0.262268 0.341959 0.00867587 0.186904 0.615859
1 0.800624 0.414822 0.0308947 0.746216 0.496385
1 0.469466 0.335239 0.00758838 0.176073 0.469063
3 0.773914 0.901011 0.0300487 0.0373238 0.46311
3 0.614781 0.497657 0.019311 0.0234769 0.433513
2 0.173402 0.463359 0.0141846 0.016104 0.427208
2 0.116288 0.439885 0.0153129 0.0175717 0.371418
4 0.76695 0.626148 0.0232226 0.0284426 0.37089
1 0.994045 0.794863 0.0119107 0.410274 0.338433
3 0.113616 0.538926 0.0191944 0.0239764 0.317914
1 0.790291 0.672486 0.0386239 0.433039 0.311565
