0 0.629973 0.521978 0.0383871 0.0713039 0.938247
4 0.230921 0.912615 0.0814757 0.0958829 0.872815
2 0.707168 0.313593 0.0156263 0.020136 0.819683
4 0.675186 0.511524 0.0351216 0.0362119 0.794443
2 0.0282875 0.557988 0.0250733 0.0334968 0.7631
4 0.841835 0.363417 0.0364563 0.019247 0.715748
1 0.766153 0.1844 0.0146454 0.214068 0.688465
3 0.330942 0.387026 0.0295398 0.0319271 0.657209
3 0.658845 0.275628 0.0138214 0.0170215 0.614567
3 0.743616 0.292367 0.0147117 0.0182938 0.613784
1 0.763455 0.186522 0.0135981 0.220104 0.609652
2 0.564885 0.318835 0.0162956 0.0215759 0.578714
2 0.559585 0.315946 0.0153465 0.0234997 0.400713
2 0.623519 0.268608 0.01376 0.016482 0.357903
