0 0.73751 0.86334 0.0758976 0.130231 0.944333
4 0.461042 0.496648 0.0577366 0.0394752 0.865062
3 0.168329 0.427228 0.020765 0.0248523 0.832588
1 0.183414 0.249759 0.0287397 0.350002 0.800177
2 0.884358 0.457919 0.0217928 0.0281071 0.765225
2 0.649525 0.417391 0.0208292 0.0239345 0.692781
1 0.569871 0.213936 0.0126851 0.313833 0.634575
2 0.172701 0.498476 0.0207689 0.0263114 0.555189
3 0.589438 0.366775 0.0178745 0.0245004 0.507126
3 0.702121 0.350108 0.0185648 0.0192843 0.466446
2 0.752478 0.342326 0.01728 0.0205197 0.458977
