0 0.394036 0.489003 0.051178 0.0904375 0.944514
4 0.525631 0.29044 0.0382963 0.0191786 0.752025
1 0.695724 0.127362 0.0167978 0.243858 0.698001
3 0.71132 0.251636 0.014875 0.0171346 0.655019
4 0.430381 0.469542 0.0263056 0.0390614 0.635935
2 0.367879 0.266357 0.0150868 0.0164537 0.617939
1 0.412818 0.119585 0.011958 0.238621 0.612166
2 0.872144 0.329068 0.0175795 0.0208906 0.589723
2 0.882965 0.262552 0.0153988 0.0190755 0.561003
3 0.397658 0.24357 0.0148598 0.0175642 0.354372
3 0.298676 0.239588 0.0163583 0.019917 0.285663
3 0.711846 0.256465 0.0152331 0.0192099 0.273531
2 0.715108 0.283243 0.0157932 0.0193767 0.270452
