0 0.557732 0.490293 0.0374956 0.0653847 0.934995
4 0.597686 0.557071 0.0367952 0.0369402 0.831169
2 0.572827 0.379288 0.0150509 0.0200124 0.80398
2 0.0605387 0.39699 0.0168161 0.0210539 0.691421
2 0.108079 0.459359 0.0184775 0.0236613 0.684277
1 0.25043 0.26372 0.0147581 0.239676 0.667892
3 0.238829 0.381624 0.01433 0.0167705 0.621863
4 0.438774 0.406714 0.0345692 0.0155526 0.596824
1 0.51978 0.249179 0.00808218 0.212003 0.554559
3 0.122552 0.393551 0.0200952 0.0219494 0.552471
3 0.620391 0.352755 0.0134977 0.0151351 0.469719
3 0.53565 0.358933 0.0130142 0.0171102 0.469223
3 0.23952 0.384774 0.0164938 0.0211584 0.333034
3 0.237502 0.38309 0.0150818 0.020519 0.329999
