1 0.515555 0.952246 0.00925102 0.0738929 0.652448
3 0.409676 0.815615 0.0142865 0.0163741 0.557831
2 0.30857 0.964037 0.0132503 0.0164154 0.468404
2 0.681166 0.757393 0.0103747 0.0134275 0.439274
3 0.339637 0.912327 0.0157592 0.015941 0.414724
1 0.622316 0.706161 0.00882185 0.0759243 0.403413
1 0.366649 0.952745 0.00973718 0.0813122 0.373631
1 0.368454 0.96383 0.0101105 0.0644562 0.311105
2 0.648664 0.799408 0.0125012 0.0182884 0.285553
2 0.30808 0.961023 0.012632 0.0189039 0.266526
2 0.605332 0.962715 0.0115833 0.0237698 0.264042
1 0.529704 0.686811 0.00575752 0.0757887 0.254677
