0 0.497981 0.46266 0.0228043 0.043219 0.936189
2 0.561198 0.73856 0.0265444 0.0480824 0.813177
2 0.240646 0.68082 0.0353006 0.0438039 0.811776
1 0.79669 0.463591 0.0345305 0.852707 0.660713
1 0.262111 0.342227 0.00873099 0.186294 0.6174
3 0.164461 0.436192 0.0161768 0.0153011 0.567439
1 0.800539 0.414861 0.0309899 0.745882 0.522329
1 0.469486 0.333902 0.00739689 0.177558 0.473728
3 0.774206 0.901102 0.0297769 0.0368014 0.454263
3 0.614545 0.497328 0.0191472 0.0235661 0.431729
2 0.173566 0.463395 0.014206 0.0162009 0.420492
4 0.767186 0.625866 0.0228094 0.0285975 0.383854
1 0.994074 0.794077 0.0118524 0.411846 0.347688
3 0.113759 0.539192 0.0192372 0.0240145 0.326927
1 0.790213 0.669731 0.038938 0.436925 0.323303
2 0.11629 0.439783 0.0151801 0.0176038 0.293429
2 0.614747 0.501005 0.018821 0.0252277 0.252622
