0 0.536624 0.488275 0.0358019 0.0659575 0.885961
3 0.118777 0.43873 0.025114 0.0341581 0.781794
3 0.832828 0.295692 0.0139494 0.015809 0.761062
2 0.87167 0.359289 0.0146208 0.0200857 0.697747
1 0.723257 0.185093 0.0154535 0.213697 0.614375
3 0.735833 0.289545 0.0125758 0.0154791 0.610484
1 0.480731 0.174655 0.0069727 0.201513 0.594248
2 0.88059 0.297543 0.0129767 0.0169458 0.535983
3 0.665877 0.485182 0.0224249 0.0330784 0.528931
3 0.431287 0.468867 0.0195684 0.0278372 0.488031
2 0.323244 0.327654 0.0153884 0.0197561 0.359253
1 0.724 0.186304 0.0101036 0.219281 0.304478
2 0.740971 0.318412 0.0126098 0.0148289 0.302449
