0 0.557671 0.490273 0.0375408 0.0654765 0.939649
4 0.597677 0.557078 0.0369625 0.0365325 0.83023
2 0.57289 0.379532 0.0152094 0.0201001 0.786244
2 0.0603262 0.39704 0.0168975 0.020994 0.706496
2 0.108295 0.45942 0.0184378 0.023542 0.678086
1 0.250419 0.263634 0.0148072 0.239762 0.673533
3 0.238705 0.381822 0.0144336 0.016946 0.621369
1 0.519762 0.249195 0.00801065 0.212423 0.556413
3 0.122604 0.393387 0.0203652 0.0221787 0.543885
4 0.437818 0.406702 0.035627 0.0153823 0.523437
3 0.536061 0.359337 0.0131624 0.0172767 0.45068
3 0.619687 0.352425 0.0136442 0.0158793 0.444724
3 0.239292 0.384809 0.0164845 0.0210827 0.326368
3 0.617467 0.351614 0.0146204 0.017824 0.291274
