0 0.733411 0.938775 0.0774817 0.121277 0.964536
4 0.458867 0.537959 0.0549661 0.0416586 0.837453
3 0.165748 0.464628 0.0201971 0.0245592 0.755496
1 0.181929 0.28161 0.0303152 0.353481 0.735311
2 0.648558 0.452412 0.0209195 0.0257499 0.715656
3 0.700096 0.37886 0.0192884 0.0203776 0.698196
2 0.882842 0.497071 0.0216329 0.0291638 0.69186
2 0.170073 0.541689 0.0227575 0.0274927 0.690008
1 0.566963 0.246071 0.0156956 0.310366 0.67049
3 0.587608 0.397619 0.0172921 0.0260902 0.65373
2 0.752872 0.372668 0.0175792 0.0210923 0.477765
