0 0.731441 0.955406 0.0739933 0.0848683 0.911205
4 0.458167 0.557159 0.053972 0.0438118 0.844745
2 0.648088 0.467858 0.0201308 0.0254807 0.784465
2 0.169426 0.561424 0.0238998 0.0273094 0.759881
2 0.881515 0.515484 0.0251263 0.0319464 0.752358
1 0.181076 0.300342 0.0281686 0.346325 0.72923
1 0.566412 0.261681 0.0164978 0.308716 0.690941
3 0.166196 0.480669 0.0205188 0.0260039 0.657037
3 0.587271 0.411517 0.0177148 0.0242045 0.609839
2 0.751606 0.384226 0.0174697 0.0217603 0.58567
3 0.700048 0.392988 0.0198201 0.0224713 0.405131
