0 0.55768 0.490274 0.0376112 0.065519 0.93889
4 0.597769 0.557127 0.0369438 0.0367378 0.829879
2 0.572884 0.379511 0.0151463 0.0200981 0.78785
2 0.060341 0.397038 0.0169117 0.0209631 0.704603
2 0.108299 0.459418 0.0185028 0.0235754 0.678912
1 0.250402 0.263691 0.0148063 0.239735 0.670952
3 0.238772 0.381889 0.0143892 0.0169287 0.626434
1 0.519806 0.249286 0.00804931 0.21227 0.5531
3 0.122611 0.393391 0.0203731 0.0221894 0.544942
4 0.437907 0.406643 0.035649 0.0153782 0.528587
3 0.536064 0.359358 0.0132021 0.0172958 0.454431
3 0.619704 0.352433 0.0133624 0.0156567 0.42422
3 0.237492 0.383292 0.0150726 0.0205883 0.336099
3 0.239384 0.384815 0.0164852 0.0210906 0.334887
3 0.61725 0.351351 0.0142169 0.0175712 0.289879
