0 0.553446 0.490701 0.0353354 0.0635002 0.936585
4 0.591077 0.55544 0.0352603 0.0363531 0.832661
2 0.569509 0.380594 0.0150282 0.0183903 0.790504
2 0.0660836 0.398735 0.0158949 0.0195937 0.712147
1 0.252178 0.267549 0.0150081 0.232509 0.694728
2 0.114247 0.459236 0.0185523 0.0230253 0.66958
3 0.240497 0.383319 0.0142718 0.0165336 0.638576
3 0.53485 0.360913 0.0136179 0.0165141 0.599679
3 0.126566 0.395232 0.0196484 0.0198031 0.559239
4 0.436524 0.407614 0.0339055 0.0159398 0.553343
1 0.517045 0.251533 0.00763551 0.211072 0.528541
3 0.617731 0.353954 0.0115231 0.0145564 0.519317
2 0.659615 0.350282 0.0128111 0.0139993 0.466719
3 0.240157 0.384994 0.0181131 0.0206103 0.400856
