4 0.366111 0.650488 0.0411191 0.03074 0.864067
2 0.727541 0.766961 0.0262227 0.0286322 0.807237
3 0.752274 0.616769 0.0218229 0.0251423 0.769051
2 0.823477 0.626106 0.018606 0.0222885 0.730149
3 0.622618 0.598785 0.0182492 0.0211037 0.712655
3 0.206456 0.535294 0.0154422 0.0181159 0.671899
2 0.166198 0.526825 0.0157953 0.0164584 0.637672
1 0.603063 0.456811 0.0120493 0.280431 0.619576
1 0.312183 0.426002 0.012578 0.243753 0.615244
2 0.592801 0.653902 0.0196722 0.0199526 0.600118
3 0.296676 0.551263 0.0166197 0.0200462 0.570226
2 0.235014 0.591168 0.0182735 0.0214916 0.55481
3 0.0397636 0.624068 0.0205386 0.0366707 0.398464
