0 0.536626 0.488274 0.0357976 0.0659511 0.886102
3 0.11877 0.438694 0.0251021 0.0341035 0.782076
3 0.832823 0.295707 0.0139562 0.0157885 0.762956
2 0.871692 0.359284 0.0145836 0.0200537 0.697675
1 0.723252 0.185097 0.0154492 0.213689 0.61438
3 0.735834 0.289542 0.0125736 0.0154728 0.611411
1 0.480735 0.174659 0.00696604 0.20152 0.593482
2 0.880588 0.297538 0.0129788 0.0169275 0.536176
3 0.665848 0.485216 0.0223872 0.0330537 0.532801
3 0.431295 0.468864 0.0196127 0.0278498 0.489068
2 0.323334 0.327442 0.0155296 0.0202458 0.309281
1 0.723999 0.186299 0.0100986 0.219279 0.304522
2 0.740973 0.318416 0.0126018 0.0148154 0.303531
