0 0.557727 0.490276 0.0374927 0.0654198 0.935519
4 0.597689 0.557044 0.036912 0.0370253 0.829438
2 0.572821 0.379305 0.0151095 0.0200507 0.805415
2 0.0605421 0.396986 0.016808 0.0210245 0.691931
2 0.10808 0.459361 0.0185032 0.0236409 0.68348
1 0.25043 0.263736 0.0147657 0.239637 0.667761
3 0.238812 0.381619 0.0143444 0.016784 0.620279
4 0.43865 0.406696 0.0347397 0.0155066 0.597713
1 0.519747 0.24915 0.00808218 0.212063 0.557006
3 0.12256 0.393554 0.0200966 0.0219362 0.5523
3 0.620373 0.352768 0.013567 0.0152267 0.481025
3 0.535635 0.358942 0.012989 0.0171286 0.467219
3 0.239489 0.384771 0.0164951 0.0211526 0.330869
3 0.237491 0.383085 0.0150814 0.0205181 0.330541
2 0.66167 0.347889 0.0120088 0.0154332 0.283934
3 0.617672 0.351997 0.0143388 0.0179928 0.255234
