4 0.670797 0.891837 0.0598257 0.0711872 0.921631
0 0.616236 0.765597 0.0433158 0.0803303 0.91087
4 0.452255 0.525523 0.042509 0.0309895 0.86026
3 0.0923859 0.491596 0.0223767 0.023012 0.823065
2 0.0211808 0.504712 0.0211231 0.0238479 0.785585
2 0.235864 0.528383 0.0168415 0.0213565 0.770931
3 0.225405 0.468971 0.0193284 0.0242829 0.762551
2 0.0708245 0.651327 0.0218895 0.028572 0.717213
1 0.237774 0.330357 0.0202855 0.271981 0.704757
3 0.65096 0.399704 0.0162161 0.0188821 0.69583
2 0.776312 0.494187 0.0213448 0.0280182 0.657242
1 0.539843 0.297326 0.011121 0.245666 0.642044
3 0.556876 0.415892 0.0157934 0.0213474 0.639743
2 0.60075 0.460367 0.0186153 0.0202178 0.494467
2 0.691091 0.391488 0.0115441 0.0165493 0.264268
