0 0.293923 0.680461 0.0539484 0.0878301 0.92336
4 0.339943 0.637355 0.0404859 0.0504632 0.888276
3 0.666192 0.336365 0.0150062 0.0192211 0.706414
4 0.474833 0.387452 0.0439817 0.0226448 0.70454
2 0.32303 0.352835 0.0161673 0.0187263 0.686079
2 0.214272 0.310062 0.0144415 0.0159128 0.673742
1 0.651922 0.209289 0.0145741 0.250825 0.670109
3 0.26076 0.314525 0.016655 0.0188381 0.661734
2 0.838937 0.349181 0.015696 0.0192485 0.657808
2 0.813137 0.442435 0.019992 0.0234775 0.652
3 0.357552 0.318735 0.0150777 0.0187434 0.635547
1 0.37051 0.200209 0.0111442 0.228337 0.627409
3 0.780182 0.346038 0.0203489 0.0212756 0.516298
2 0.665265 0.37675 0.0137617 0.0169581 0.514809
