0 0.577661 0.735396 0.0343264 0.064557 0.925104
4 0.617768 0.832291 0.047695 0.0545617 0.903328
4 0.449613 0.536243 0.0375362 0.0281846 0.842361
2 0.730135 0.509894 0.0185346 0.0268682 0.82768
2 0.130785 0.643322 0.0194459 0.0245845 0.807322
3 0.136123 0.508745 0.0177275 0.0206737 0.785651
3 0.250555 0.488811 0.0180214 0.0216143 0.779742
3 0.626709 0.423424 0.0148048 0.0189626 0.70442
2 0.0761561 0.517556 0.0205923 0.0208079 0.685882
1 0.261594 0.369276 0.0176988 0.231867 0.68406
2 0.262249 0.539919 0.0160754 0.0194035 0.597902
3 0.542696 0.438823 0.0156118 0.0202144 0.581044
1 0.527012 0.330753 0.00997039 0.215593 0.545889
2 0.580698 0.479081 0.0182303 0.0213939 0.480534
2 0.66505 0.416723 0.013997 0.0187629 0.338662
