0 0.49813 0.462709 0.0230749 0.0427515 0.932264
2 0.240701 0.680763 0.0351343 0.0435457 0.814849
2 0.561048 0.738304 0.0267342 0.0484241 0.806626
1 0.796752 0.464351 0.0345034 0.854575 0.65341
1 0.262181 0.342413 0.00879803 0.185799 0.617078
3 0.164258 0.436109 0.0163787 0.0155645 0.607693
1 0.800728 0.416926 0.0307486 0.751063 0.523346
3 0.774126 0.901077 0.0297446 0.0367817 0.487023
1 0.469504 0.333903 0.00736292 0.178069 0.466514
3 0.6147 0.497527 0.0197844 0.02372 0.457239
2 0.173436 0.463323 0.0141374 0.0161388 0.442705
1 0.994136 0.787132 0.0117285 0.425736 0.344398
3 0.113911 0.539292 0.0194791 0.0241907 0.312899
1 0.790568 0.674496 0.04111 0.433228 0.303034
4 0.766845 0.626108 0.0229046 0.0283693 0.280599
2 0.116102 0.439915 0.0150458 0.0174593 0.260681
