0 0.536541 0.488242 0.0356078 0.0662031 0.88998
3 0.118794 0.43863 0.0250443 0.0341114 0.783773
3 0.832829 0.295715 0.0140225 0.0158178 0.756932
2 0.871646 0.35921 0.0146847 0.020064 0.702413
1 0.72323 0.184725 0.0156444 0.213883 0.623123
3 0.735766 0.289487 0.012552 0.0153907 0.614406
1 0.48078 0.174768 0.00697967 0.201067 0.588616
2 0.880337 0.297437 0.0129238 0.0168848 0.532176
3 0.665858 0.485339 0.0221456 0.0327112 0.517386
3 0.431212 0.469065 0.0198853 0.0282231 0.504848
2 0.323341 0.327607 0.0153146 0.0197324 0.31584
2 0.741087 0.318393 0.0125845 0.0147791 0.310056
1 0.723966 0.185913 0.0101205 0.219682 0.298415
