0 0.536626 0.488273 0.0357967 0.06595 0.886083
3 0.11877 0.438693 0.0251007 0.0341034 0.781893
3 0.832822 0.295705 0.0139575 0.01579 0.763243
2 0.871692 0.359284 0.0145833 0.0200511 0.697786
1 0.723253 0.185096 0.0154501 0.213685 0.614054
3 0.735834 0.289542 0.0125737 0.0154713 0.610787
1 0.480734 0.174659 0.006966 0.20152 0.593541
2 0.880588 0.297536 0.0129786 0.016924 0.536084
3 0.665846 0.485207 0.0223757 0.0330399 0.532258
3 0.431297 0.468866 0.0196161 0.0278609 0.488665
2 0.323331 0.327444 0.015529 0.0202391 0.309076
1 0.723998 0.186299 0.0100989 0.219279 0.304641
2 0.740973 0.318415 0.0126029 0.0148123 0.302777
