0 0.522828 0.493015 0.035337 0.069765 0.891987
3 0.10969 0.44143 0.0245373 0.0370001 0.768338
4 0.579661 0.328937 0.0304191 0.0181228 0.724308
1 0.716491 0.185517 0.0160591 0.211342 0.690558
4 0.387974 0.95219 0.0828338 0.0956201 0.66026
1 0.475507 0.180529 0.00707209 0.206872 0.649182
2 0.86139 0.363645 0.0156941 0.0200356 0.609295
2 0.315785 0.33122 0.0150096 0.017093 0.57168
3 0.826328 0.299081 0.0156969 0.0175726 0.453554
3 0.727976 0.290861 0.0126416 0.014532 0.417827
2 0.442741 0.305387 0.0132214 0.0160154 0.303818
2 0.734888 0.320765 0.0131466 0.0170072 0.281362
4 0.333101 0.833719 0.181669 0.331094 0.264766
