4 0.233011 0.373673 0.0419033 0.0269339 0.866676
3 0.648946 0.841461 0.0318062 0.0533299 0.828957
2 0.572742 0.440439 0.0223551 0.0265084 0.793423
2 0.453319 0.360868 0.0169614 0.0172473 0.743887
2 0.0900412 0.331954 0.0200167 0.021381 0.738805
1 0.163644 0.162826 0.0245171 0.255663 0.721907
3 0.598402 0.322247 0.0212374 0.0231359 0.71459
3 0.155914 0.291845 0.0172695 0.0207443 0.71245
3 0.480158 0.314819 0.0185347 0.0207696 0.64846
2 0.660846 0.327425 0.0164524 0.0240252 0.607377
1 0.45863 0.175878 0.0107084 0.279849 0.586848
3 0.0531785 0.285379 0.019494 0.0208869 0.560245
