0 0.498063 0.462786 0.0230812 0.0429966 0.932567
2 0.240833 0.680934 0.0353306 0.0439288 0.816499
2 0.561093 0.738352 0.0265458 0.0481975 0.8068
1 0.796755 0.463404 0.0343428 0.85364 0.649905
3 0.164364 0.436323 0.0165454 0.0158269 0.621071
1 0.262095 0.341787 0.00888244 0.186764 0.617944
1 0.800779 0.415881 0.0306835 0.749651 0.523709
1 0.469431 0.333997 0.00741158 0.177274 0.477522
3 0.774438 0.901132 0.029504 0.0365348 0.467103
3 0.614904 0.497563 0.0197912 0.0238665 0.457479
2 0.173384 0.4633 0.0141005 0.016142 0.43159
1 0.994251 0.789388 0.0114974 0.421225 0.343802
4 0.766925 0.62609 0.0228604 0.0285369 0.309368
1 0.790574 0.674601 0.0412193 0.43402 0.300943
2 0.116309 0.439961 0.0151176 0.0174725 0.274997
3 0.56831 0.485134 0.0125593 0.0212169 0.257571
3 0.113822 0.539265 0.0193798 0.0239591 0.25269
