0 0.577644 0.735434 0.0343411 0.0646892 0.924166
4 0.617801 0.832367 0.0475149 0.0546367 0.90486
4 0.449523 0.536262 0.0378643 0.027947 0.839418
2 0.730542 0.510469 0.0187599 0.0261201 0.806711
2 0.130767 0.643384 0.0196014 0.0245301 0.80634
3 0.136113 0.508831 0.0177813 0.0209652 0.792022
3 0.250563 0.488777 0.0179826 0.0216088 0.780029
3 0.626732 0.423575 0.0148083 0.0190139 0.706158
2 0.0761761 0.51756 0.0205867 0.0208128 0.686774
1 0.261617 0.369223 0.0176885 0.231692 0.682814
2 0.262255 0.539893 0.0161359 0.0193304 0.599858
3 0.542761 0.43885 0.0155904 0.0200312 0.584044
1 0.526997 0.330756 0.00996855 0.215387 0.539647
2 0.580591 0.479027 0.0183615 0.0211895 0.484491
3 0.54134 0.436911 0.0143654 0.0207749 0.394464
2 0.665121 0.416604 0.0141264 0.0190264 0.368167
