0 0.564094 0.639503 0.034902 0.062147 0.892338
4 0.602037 0.727578 0.042215 0.0486684 0.847592
2 0.721412 0.447959 0.0186133 0.0295268 0.814502
4 0.439396 0.471778 0.0401675 0.0253298 0.786901
3 0.126666 0.446776 0.0192454 0.0211793 0.774902
2 0.571165 0.421576 0.0160213 0.0202735 0.76226
1 0.25165 0.308279 0.0179675 0.232536 0.745957
2 0.118771 0.564104 0.0191872 0.0257324 0.717416
3 0.240707 0.427929 0.0180939 0.0203207 0.712905
1 0.519256 0.276671 0.00936349 0.211496 0.696662
3 0.534203 0.38439 0.0143039 0.0189802 0.666283
3 0.619792 0.373564 0.0149772 0.0172589 0.565507
2 0.252149 0.474787 0.0174883 0.0201173 0.531624
2 0.0666309 0.454719 0.0198377 0.021113 0.515382
4 0.41085 0.573644 0.0231768 0.0285211 0.488206
2 0.656989 0.365196 0.0132977 0.0180636 0.385961
