0 0.493505 0.481922 0.0246522 0.0431431 0.924438
2 0.481313 0.956271 0.0418986 0.0648677 0.871622
4 0.515018 0.526164 0.0220139 0.0208829 0.797056
1 0.663435 0.717786 0.0362919 0.564428 0.779433
4 0.418517 0.420305 0.0202355 0.0134955 0.683938
1 0.276859 0.306544 0.0118495 0.185602 0.669516
3 0.106052 0.584723 0.0199737 0.0214626 0.661562
4 0.363109 0.447674 0.0235791 0.0179994 0.538708
1 0.486197 0.297593 0.00620804 0.172305 0.529348
1 0.834747 0.844926 0.0592701 0.310149 0.511902
3 0.268324 0.404049 0.0121866 0.0147368 0.508257
3 0.181199 0.407764 0.0124737 0.0149083 0.447114
2 0.182414 0.460793 0.0143956 0.0184711 0.429864
2 0.523434 0.397539 0.0122571 0.0143487 0.426459
3 0.187291 0.837379 0.0245557 0.0462044 0.420265
2 0.187198 0.832111 0.0238943 0.0389727 0.403042
1 0.276608 0.301283 0.00784006 0.187487 0.391943
3 0.496936 0.381215 0.0108641 0.0123949 0.271272
