0 0.557674 0.490274 0.0376034 0.065568 0.938646
4 0.59771 0.55715 0.0367161 0.036578 0.832233
2 0.572884 0.379504 0.01509 0.0200568 0.787016
2 0.0603423 0.397029 0.0169376 0.0210469 0.704689
2 0.108293 0.459414 0.0184972 0.0236368 0.680105
1 0.250409 0.263697 0.0148201 0.239634 0.672272
3 0.238688 0.381806 0.0144979 0.0170498 0.628025
1 0.519763 0.249357 0.0080023 0.212139 0.549318
3 0.12262 0.393392 0.020392 0.0222231 0.544665
4 0.437917 0.406653 0.0355993 0.0154145 0.525188
3 0.536063 0.359341 0.0131975 0.0173009 0.452902
3 0.619701 0.352436 0.013377 0.0156519 0.421063
3 0.239288 0.38477 0.0165842 0.0211893 0.330359
3 0.617305 0.351449 0.0142841 0.0176072 0.285202
