0 0.536512 0.488365 0.0355809 0.066269 0.892212
3 0.118695 0.438644 0.0248754 0.034351 0.777042
3 0.832732 0.295533 0.0139107 0.0156906 0.768652
2 0.871713 0.359318 0.0145909 0.0199517 0.69993
1 0.723254 0.184875 0.0154677 0.213821 0.620867
3 0.735886 0.289562 0.0125991 0.0154311 0.599546
1 0.480865 0.174699 0.00693572 0.201191 0.590001
3 0.665874 0.485119 0.0222653 0.0328994 0.536164
2 0.880434 0.297336 0.0128892 0.0168632 0.522664
3 0.431309 0.468846 0.0198884 0.0281498 0.512829
2 0.323405 0.3275 0.0153473 0.0200608 0.328563
2 0.741061 0.318499 0.0126999 0.0148403 0.322402
1 0.723994 0.185887 0.0100905 0.220172 0.313008
