3 0.725446 0.814507 0.0291508 0.0382299 0.829567
3 0.63669 0.383204 0.0190227 0.0217903 0.796368
4 0.310363 0.430673 0.0408468 0.0257481 0.792894
4 0.0574593 0.711707 0.058601 0.0560085 0.781273
2 0.508151 0.418917 0.0177006 0.0180864 0.762297
2 0.625488 0.489244 0.0200799 0.0221596 0.756392
1 0.235074 0.239362 0.0158101 0.232196 0.63907
2 0.692304 0.387349 0.0198874 0.0212423 0.621565
3 0.526 0.376675 0.0163659 0.0190883 0.5911
1 0.507981 0.251769 0.010413 0.245667 0.56508
2 0.174949 0.393427 0.0174226 0.0218512 0.447251
3 0.131697 0.348692 0.0172172 0.0176516 0.439151
2 0.0836457 0.345037 0.0141176 0.0161101 0.348381
3 0.223848 0.356928 0.0163026 0.0228649 0.347823
3 0.226283 0.35378 0.0150216 0.0193481 0.322205
2 0.809596 0.124952 0.0156895 0.0301678 0.294198
