2 0.582008 0.489619 0.0221725 0.0244564 0.849088
3 0.653122 0.819292 0.0279627 0.053211 0.81275
4 0.272952 0.430902 0.0402553 0.0262522 0.786742
1 0.202447 0.235043 0.0170415 0.224403 0.759262
3 0.603581 0.383349 0.023038 0.0237475 0.722366
3 0.494517 0.377446 0.0165333 0.0189598 0.71046
2 0.471953 0.419236 0.0180687 0.0172976 0.666535
3 0.195635 0.355447 0.0154825 0.0209231 0.661518
4 0.0117362 0.708058 0.0229244 0.0540724 0.659702
2 0.141189 0.391885 0.0184467 0.020281 0.611139
1 0.477169 0.253906 0.0115482 0.249276 0.609509
2 0.659525 0.387118 0.0158744 0.0208359 0.599954
