0 0.536572 0.488375 0.035754 0.0665161 0.887118
3 0.118689 0.438492 0.0249356 0.033912 0.786979
3 0.833121 0.295738 0.0137802 0.0157288 0.752441
2 0.871814 0.359344 0.0146862 0.0199916 0.695808
1 0.723304 0.184892 0.0156786 0.213757 0.626673
3 0.735885 0.289655 0.0125627 0.0153659 0.603244
1 0.480756 0.174769 0.00696553 0.200891 0.587903
2 0.880515 0.297468 0.0129543 0.0168437 0.548903
3 0.665915 0.485267 0.0222113 0.0327285 0.499427
3 0.43128 0.469076 0.0196626 0.0281817 0.481227
2 0.740843 0.318424 0.0126068 0.0148597 0.310808
1 0.724017 0.186162 0.0101261 0.219206 0.302555
