0 0.638817 0.526842 0.0369303 0.0717896 0.916095
4 0.68661 0.517024 0.0348419 0.0344015 0.846954
4 0.21836 0.903224 0.0855775 0.0917033 0.823096
2 0.0444807 0.549641 0.0244887 0.0375999 0.79334
2 0.734964 0.318248 0.0175125 0.0211416 0.751407
3 0.349693 0.385657 0.0280208 0.0320839 0.688748
1 0.796059 0.185776 0.0164346 0.223765 0.620568
2 0.648331 0.272143 0.0139427 0.0163548 0.485311
2 0.589007 0.321335 0.0179542 0.0229763 0.392536
3 0.683463 0.27786 0.0150849 0.0195704 0.390162
2 0.585924 0.319338 0.0184103 0.025524 0.367355
4 0.869185 0.371693 0.0379976 0.0201677 0.356639
1 0.792783 0.189208 0.0116522 0.223139 0.282453
