0 0.492564 0.469467 0.0232403 0.0419073 0.93223
4 0.514229 0.509379 0.0218493 0.0189295 0.856092
3 0.103725 0.556587 0.020322 0.021854 0.809143
2 0.475158 0.850872 0.0363128 0.0545365 0.806365
1 0.654694 0.595444 0.0363418 0.794544 0.779835
1 0.822925 0.713587 0.0574396 0.572826 0.773669
2 0.178561 0.752631 0.0242539 0.0355613 0.746927
1 0.486648 0.31714 0.00708392 0.173257 0.646961
1 0.277831 0.319397 0.0113433 0.183128 0.611561
3 0.420632 0.51532 0.0163954 0.0250956 0.481618
4 0.416793 0.42729 0.0196485 0.0127217 0.457986
3 0.135794 0.424247 0.014293 0.0164152 0.396691
2 0.635778 0.420555 0.0128322 0.0178931 0.321559
