4 0.269317 0.928387 0.0834255 0.100371 0.90166
0 0.608881 0.510248 0.0387428 0.0687623 0.899129
4 0.645801 0.498325 0.0281608 0.0339788 0.766579
3 0.281889 0.395255 0.0275296 0.032427 0.751335
3 0.595443 0.270988 0.0140072 0.0168978 0.725917
1 0.974257 0.205515 0.0279803 0.256202 0.720817
2 0.64587 0.306529 0.0137817 0.0191327 0.609729
2 0.517997 0.313981 0.0167893 0.0230961 0.591426
1 0.694608 0.181718 0.0093448 0.211525 0.590708
4 0.778785 0.348946 0.0336307 0.019126 0.529362
3 0.9824 0.333827 0.0177748 0.017836 0.50669
1 0.696345 0.179449 0.0112344 0.211584 0.490238
1 0.69299 0.180893 0.00838242 0.212152 0.443435
2 0.555029 0.265043 0.0141731 0.0151209 0.401188
