0 0.493506 0.481723 0.0245355 0.0427034 0.9154
2 0.481365 0.956039 0.0416418 0.0642962 0.871282
4 0.514619 0.525941 0.0219982 0.021035 0.785475
1 0.663589 0.717179 0.0361749 0.565643 0.776317
4 0.418608 0.42007 0.0204078 0.0139694 0.695955
1 0.276833 0.306444 0.011852 0.185691 0.668757
3 0.106059 0.585139 0.0200901 0.0216147 0.65164
1 0.486044 0.29735 0.00624635 0.172178 0.52606
1 0.834754 0.845012 0.0592518 0.309976 0.501475
3 0.268479 0.404255 0.0123502 0.014921 0.474586
3 0.187342 0.83798 0.0244936 0.0463641 0.433672
3 0.181137 0.40792 0.0122619 0.0150848 0.428801
2 0.523488 0.397677 0.0124645 0.0143601 0.41358
2 0.187266 0.832926 0.0240118 0.0397927 0.403658
2 0.182371 0.460854 0.0142167 0.0184963 0.400766
1 0.276595 0.301114 0.00790938 0.188112 0.390385
