0 0.539421 0.487363 0.035757 0.0662865 0.826268
2 0.880456 0.358931 0.0170471 0.0199163 0.790994
3 0.843825 0.294449 0.0154183 0.0159986 0.789666
3 0.127639 0.433605 0.0269772 0.0361128 0.74248
4 0.406833 0.945822 0.0826752 0.10598 0.679279
1 0.733658 0.180108 0.0178763 0.212985 0.642642
3 0.671587 0.486468 0.022603 0.0361963 0.584723
2 0.45867 0.297154 0.0133417 0.0162905 0.573293
3 0.746205 0.290059 0.0141551 0.015186 0.504471
4 0.59579 0.320587 0.033284 0.0169886 0.488077
1 0.489544 0.172057 0.00740355 0.199919 0.437515
2 0.331377 0.322184 0.015109 0.0202211 0.406159
2 0.750808 0.314288 0.0141328 0.0157815 0.313642
3 0.892407 0.29556 0.0143185 0.0172099 0.30656
3 0.365603 0.246992 0.0134882 0.0153659 0.295033
3 0.34835 0.265431 0.0133323 0.0157539 0.252112
