0 0.796131 0.732512 0.0546911 0.0950739 0.950111
4 0.931971 0.802692 0.095339 0.0546488 0.890979
3 0.17958 0.482767 0.0194488 0.0304561 0.800953
3 0.86642 0.481768 0.0233826 0.0247257 0.783129
2 0.495885 0.464536 0.0175697 0.0216006 0.781607
4 0.235041 0.65198 0.0567715 0.0542656 0.778984
1 0.145089 0.327904 0.0234941 0.34757 0.77402
2 0.299856 0.505142 0.0184814 0.0295104 0.747521
2 0.292757 0.41004 0.0174257 0.020934 0.447465
3 0.259202 0.432278 0.0181964 0.0223986 0.443896
4 0.913082 0.6818 0.0457386 0.0405457 0.269776
