4 0.312387 0.954979 0.0856511 0.0870892 0.934485
0 0.482103 0.49877 0.0371515 0.0667229 0.912711
4 0.55397 0.332787 0.0282127 0.0164578 0.79324
3 0.0759866 0.445427 0.0241551 0.0347704 0.729285
1 0.695189 0.187674 0.0122999 0.207177 0.653785
3 0.70687 0.294047 0.0116875 0.0131196 0.573689
1 0.693065 0.194305 0.0138357 0.211132 0.571219
1 0.453291 0.185104 0.00817048 0.20503 0.52687
2 0.420017 0.308909 0.0132246 0.015565 0.517625
2 0.834322 0.366426 0.0174058 0.020613 0.514552
2 0.291467 0.334216 0.0152408 0.0189988 0.434968
3 0.384903 0.475781 0.0222254 0.0288136 0.283931
