0 0.577755 0.735219 0.0341507 0.0643537 0.924021
4 0.617864 0.832522 0.0478758 0.0547718 0.902306
4 0.449527 0.536301 0.0379406 0.027995 0.841768
2 0.730346 0.51007 0.0186125 0.0259729 0.816458
2 0.130762 0.643444 0.0196449 0.0248044 0.797665
3 0.136188 0.50899 0.0177544 0.0212184 0.79221
3 0.250584 0.488821 0.0180747 0.0217754 0.774721
2 0.0762798 0.517495 0.0206313 0.0208511 0.698809
3 0.626842 0.423762 0.0144495 0.018845 0.698512
1 0.261747 0.369492 0.0176128 0.231181 0.683253
2 0.262202 0.539637 0.0161705 0.0194544 0.608084
3 0.542408 0.438654 0.0155132 0.0201859 0.57438
1 0.526933 0.33063 0.0100477 0.214536 0.553581
2 0.580747 0.479183 0.0180875 0.0211481 0.488339
2 0.665415 0.416507 0.0138265 0.0189498 0.357895
