0 0.555959 0.525385 0.0343777 0.0625831 0.92828
4 0.594572 0.603918 0.0400562 0.043101 0.898915
4 0.432946 0.394047 0.0402006 0.0201037 0.730286
2 0.0616457 0.380483 0.016966 0.0214424 0.718118
3 0.530692 0.320558 0.0151701 0.0191621 0.69946
1 0.247451 0.234712 0.0174802 0.235139 0.677966
2 0.566808 0.35186 0.0180254 0.0197823 0.671588
2 0.112166 0.468805 0.0172623 0.0238613 0.671213
3 0.236543 0.358466 0.017276 0.0228226 0.655784
2 0.710571 0.373833 0.0182623 0.029228 0.651895
3 0.123103 0.373181 0.0192009 0.0218083 0.638279
3 0.615728 0.310889 0.0146935 0.0168055 0.628117
1 0.514237 0.213421 0.00868666 0.219059 0.569616
2 0.24808 0.395462 0.0165529 0.0190416 0.538225
3 0.612522 0.310599 0.016498 0.0177175 0.412739
2 0.714693 0.371738 0.0235184 0.0360255 0.31695
