0 0.293906 0.680542 0.0542269 0.0879584 0.917983
4 0.339792 0.637357 0.0402659 0.0503479 0.884148
3 0.666334 0.336411 0.0150577 0.0192937 0.718498
4 0.474812 0.387511 0.0440168 0.0226039 0.710964
2 0.838825 0.348701 0.015626 0.019084 0.675429
2 0.21388 0.310166 0.0145651 0.0163071 0.671931
3 0.357771 0.318745 0.0152683 0.019058 0.668496
3 0.260263 0.314939 0.016726 0.0185224 0.662808
2 0.323288 0.352643 0.0162926 0.018827 0.661487
2 0.813169 0.442443 0.0199747 0.0234663 0.660546
1 0.65187 0.209549 0.0143671 0.251032 0.654793
1 0.370308 0.20266 0.0113768 0.230824 0.612935
3 0.780146 0.345957 0.0203295 0.0211816 0.506431
2 0.665237 0.376299 0.0137448 0.0170669 0.503888
