0 0.559629 0.492252 0.0354445 0.0695272 0.84889
4 0.368855 0.946812 0.0931748 0.101474 0.842918
3 0.170161 0.418561 0.0256392 0.0364051 0.809709
2 0.943431 0.376241 0.0166037 0.0214277 0.7296
1 0.795697 0.183639 0.0194027 0.223089 0.693825
1 0.546738 0.171331 0.00887235 0.199058 0.639491
3 0.448328 0.26837 0.0138134 0.0166293 0.637578
3 0.80714 0.293677 0.0133679 0.0142881 0.633843
2 0.966156 0.311034 0.0149296 0.0184 0.627785
3 0.911559 0.30535 0.0171913 0.0197775 0.623086
2 0.510118 0.298695 0.0136281 0.0180708 0.5498
2 0.381426 0.318487 0.0140189 0.0172421 0.483952
3 0.531391 0.272672 0.0129722 0.0159147 0.46864
4 0.644601 0.328676 0.0351154 0.017254 0.429106
3 0.388359 0.257139 0.0104655 0.0151388 0.33158
