0 0.492562 0.46956 0.0232358 0.0415419 0.93463
4 0.514089 0.509434 0.0216167 0.0189489 0.829045
2 0.475284 0.850825 0.0361315 0.0543903 0.811017
3 0.103464 0.557097 0.0203222 0.0215831 0.791048
1 0.654602 0.600595 0.0367485 0.786873 0.784819
1 0.822903 0.7135 0.0589699 0.572999 0.767858
2 0.178679 0.752924 0.0246563 0.0358769 0.742679
1 0.486704 0.316209 0.00695985 0.175012 0.621686
1 0.277955 0.319813 0.0112599 0.182769 0.618434
3 0.420892 0.515454 0.0163903 0.0246964 0.489939
4 0.416455 0.427377 0.0215286 0.0132542 0.386625
3 0.135695 0.424368 0.0141648 0.016355 0.364037
2 0.635909 0.420304 0.0132778 0.0184392 0.308298
