0 0.536509 0.488057 0.0357306 0.0667325 0.88778
3 0.118893 0.438363 0.0250739 0.0346024 0.778852
3 0.832773 0.295457 0.0140378 0.0156899 0.757236
2 0.871542 0.359386 0.0147819 0.0199512 0.717265
1 0.723357 0.184915 0.0157367 0.213441 0.637179
3 0.735719 0.289359 0.0126404 0.0154802 0.635967
1 0.480816 0.174549 0.00687809 0.20182 0.588614
2 0.880303 0.297459 0.0131279 0.01728 0.567799
3 0.666035 0.485357 0.0226654 0.0328179 0.540831
3 0.431321 0.469023 0.0193403 0.0278731 0.485908
2 0.323501 0.327572 0.0153155 0.0200763 0.302418
1 0.724029 0.186288 0.0101334 0.218804 0.295481
2 0.740936 0.318274 0.012544 0.0148363 0.285247
