0 0.493504 0.481922 0.0246504 0.0431343 0.924474
2 0.481312 0.956269 0.0419055 0.0648702 0.871696
4 0.515008 0.526167 0.0219861 0.0208801 0.798942
1 0.663435 0.717806 0.0363053 0.564389 0.779178
4 0.418516 0.420306 0.0202247 0.013499 0.683326
1 0.276859 0.306538 0.0118495 0.185613 0.669437
3 0.106052 0.584725 0.0199738 0.0214597 0.661377
4 0.363103 0.447685 0.0235682 0.0179895 0.538934
1 0.486196 0.297586 0.00620537 0.172308 0.529844
1 0.834748 0.844932 0.0592644 0.310136 0.511475
3 0.268323 0.40405 0.0121898 0.0147359 0.508221
3 0.181201 0.407764 0.012474 0.014907 0.446861
2 0.182414 0.460793 0.0143956 0.0184709 0.429711
2 0.523434 0.397538 0.0122512 0.0143412 0.425847
3 0.187291 0.837384 0.0245546 0.0462102 0.420076
2 0.187197 0.832112 0.0238933 0.038975 0.402911
1 0.276608 0.301271 0.00784053 0.187498 0.391791
3 0.496935 0.381218 0.0108627 0.0123878 0.271259
