0 0.492561 0.46956 0.0232342 0.0415417 0.934536
4 0.514089 0.509432 0.0216204 0.0189433 0.829279
2 0.475284 0.850822 0.0361314 0.0543857 0.811102
3 0.103464 0.557097 0.0203193 0.0215853 0.791246
1 0.654596 0.600498 0.0367432 0.787127 0.784434
1 0.822903 0.713508 0.0589722 0.572984 0.76824
2 0.17868 0.752923 0.0246556 0.0358746 0.742686
1 0.486701 0.316138 0.0069517 0.175156 0.622198
1 0.277957 0.319802 0.0112545 0.182791 0.617947
3 0.420893 0.515453 0.016391 0.0246923 0.490257
4 0.416457 0.427377 0.0215086 0.0132521 0.385981
3 0.135695 0.42437 0.0141647 0.0163558 0.362335
2 0.635911 0.420299 0.0132818 0.0184324 0.30843
