2 0.706546 0.798194 0.0166565 0.0204551 0.865896
4 0.527621 0.737323 0.0275709 0.0180983 0.776888
0 0.420874 0.914138 0.0232971 0.0438102 0.732034
3 0.209187 0.829188 0.0214312 0.0299112 0.692469
1 0.64377 0.627095 0.00908605 0.148374 0.670208
3 0.723044 0.717082 0.016713 0.0174819 0.620894
2 0.759216 0.726126 0.0153133 0.0193494 0.508248
2 0.640883 0.739666 0.0136043 0.0161713 0.504727
3 0.409801 0.658289 0.0120736 0.0150635 0.502648
2 0.444558 0.696248 0.0131519 0.0192667 0.5004
1 0.475559 0.606884 0.00545387 0.138055 0.454377
4 0.44104 0.89406 0.0159922 0.0221647 0.411269
3 0.729017 0.982973 0.0201747 0.0322942 0.390867
3 0.507788 0.914388 0.0154177 0.019976 0.370836
2 0.639718 0.737726 0.0134212 0.016445 0.305984
1 0.4773 0.601806 0.00911296 0.135519 0.305716
