0 0.731448 0.955395 0.0740139 0.0849094 0.91077
4 0.458168 0.55716 0.0539724 0.0438139 0.844904
2 0.648087 0.467859 0.0201315 0.0254782 0.784387
2 0.169426 0.561423 0.0239011 0.0273094 0.759751
2 0.881513 0.515487 0.0251354 0.0319443 0.752361
1 0.181074 0.300355 0.0281666 0.346313 0.729072
1 0.566411 0.261676 0.0165008 0.308705 0.691058
3 0.166196 0.480669 0.0205164 0.0259989 0.657068
3 0.58727 0.411518 0.017719 0.0242067 0.610459
2 0.751606 0.384224 0.017472 0.0217706 0.585698
3 0.700047 0.392987 0.0198244 0.0224796 0.405948
