0 0.498016 0.46282 0.0230665 0.0430353 0.932875
2 0.24083 0.680936 0.0353128 0.043912 0.816517
2 0.561141 0.738408 0.026464 0.0478507 0.803699
1 0.796694 0.463328 0.034602 0.854492 0.656076
3 0.164357 0.436327 0.0165573 0.0158456 0.623629
1 0.262097 0.341784 0.0088471 0.186792 0.619248
1 0.800788 0.415357 0.0307649 0.748297 0.537612
1 0.469419 0.333765 0.0074171 0.1775 0.477659
3 0.614953 0.497629 0.0194042 0.0241025 0.471367
3 0.774492 0.90115 0.0296553 0.0364968 0.470049
2 0.173386 0.46331 0.0141126 0.0161421 0.432932
1 0.994254 0.789423 0.0114923 0.421154 0.34379
1 0.790572 0.673444 0.0412995 0.435892 0.304897
4 0.766887 0.626112 0.0228777 0.0284955 0.304548
2 0.116204 0.439906 0.015034 0.0174652 0.284238
2 0.615041 0.501022 0.0189314 0.0252965 0.282384
