0 0.492579 0.469462 0.0232529 0.0419482 0.932031
4 0.514209 0.509484 0.0219316 0.0189646 0.853642
3 0.103723 0.556586 0.0203187 0.021841 0.809046
2 0.475202 0.850896 0.0362467 0.0546655 0.806785
1 0.654742 0.595127 0.0363231 0.795425 0.776798
1 0.82293 0.713527 0.0574524 0.572945 0.772039
2 0.178549 0.75264 0.0242231 0.035561 0.746431
1 0.486632 0.317417 0.00709798 0.173395 0.633718
1 0.277839 0.3194 0.0113261 0.183127 0.610635
3 0.420611 0.515315 0.0163307 0.0249813 0.479058
4 0.41674 0.427298 0.019548 0.0127339 0.46308
3 0.135794 0.424242 0.0142843 0.0163998 0.396914
2 0.635716 0.420525 0.0132815 0.0180952 0.366965
