0 0.536541 0.488243 0.0356093 0.0662024 0.890051
3 0.118793 0.438637 0.0250469 0.03412 0.783557
3 0.832831 0.295718 0.0140263 0.0158255 0.756758
2 0.871646 0.359209 0.0146854 0.0200663 0.702061
1 0.723229 0.184719 0.0156454 0.213876 0.622813
3 0.735766 0.289488 0.012552 0.0153936 0.61482
1 0.480781 0.174766 0.00697955 0.201072 0.588313
2 0.880338 0.297439 0.0129253 0.0168887 0.531844
3 0.665859 0.485339 0.0221449 0.0327088 0.516274
3 0.431212 0.469065 0.0198875 0.0282231 0.504566
2 0.323338 0.32761 0.0153226 0.0197242 0.318035
2 0.741088 0.318394 0.0125862 0.0147809 0.310576
1 0.723966 0.185912 0.0101209 0.219677 0.298235
