4 0.316147 0.955205 0.0921535 0.0895898 0.953538
0 0.482169 0.497935 0.036737 0.0674715 0.908747
4 0.554569 0.332297 0.0310251 0.0172482 0.761397
3 0.0750786 0.44547 0.023953 0.0366749 0.713416
1 0.695886 0.187034 0.0124809 0.20766 0.663834
3 0.707827 0.294097 0.0116977 0.0129924 0.663738
1 0.453551 0.182807 0.00825452 0.206395 0.558797
2 0.291055 0.333394 0.0138482 0.017216 0.498756
2 0.835298 0.366502 0.0162977 0.0205679 0.440044
2 0.420117 0.3088 0.0124592 0.0146961 0.369976
3 0.385357 0.474936 0.0207822 0.0291903 0.294895
2 0.710497 0.320348 0.0131505 0.0171687 0.256651
1 0.693432 0.190114 0.0148795 0.215794 0.250144
