0 0.557728 0.490282 0.0374912 0.0654112 0.935429
4 0.597686 0.557048 0.036915 0.0370112 0.829337
2 0.572823 0.379303 0.0151022 0.020046 0.805764
2 0.0605403 0.396989 0.0168112 0.0210227 0.692468
2 0.108079 0.459359 0.0185056 0.0236326 0.683245
1 0.250428 0.263736 0.0147667 0.239634 0.667821
3 0.238815 0.381621 0.0143374 0.0167619 0.619935
4 0.438649 0.406696 0.0347498 0.0155065 0.597566
1 0.519743 0.249159 0.00807897 0.212039 0.555805
3 0.122562 0.393556 0.0200939 0.0219312 0.552056
3 0.620377 0.352767 0.0135654 0.01523 0.481542
3 0.535634 0.358938 0.0129852 0.0171198 0.466212
3 0.239497 0.384775 0.0164881 0.0211327 0.33069
3 0.237491 0.383085 0.0150773 0.0204993 0.329224
2 0.661674 0.347874 0.0120249 0.0154719 0.280535
3 0.617674 0.351999 0.0143379 0.0179998 0.254921
