0 0.498235 0.462881 0.0234707 0.0430249 0.935154
2 0.24069 0.680831 0.0352082 0.0435598 0.815342
2 0.561189 0.738189 0.027261 0.0497338 0.806607
1 0.796778 0.462494 0.0343285 0.860914 0.64912
1 0.262153 0.341995 0.00888187 0.186728 0.618448
3 0.164431 0.436308 0.0161789 0.0154587 0.608041
1 0.801018 0.416573 0.0305775 0.752679 0.52041
1 0.469678 0.333182 0.00743716 0.178995 0.472172
3 0.773815 0.901014 0.0293761 0.0369224 0.436927
3 0.614977 0.49763 0.0188391 0.0234517 0.43406
2 0.173392 0.463286 0.0140379 0.0161778 0.426765
1 0.994181 0.789076 0.0116389 0.421848 0.352557
1 0.790511 0.673869 0.0416679 0.434717 0.303298
3 0.113761 0.538891 0.0192151 0.024422 0.296506
2 0.116176 0.44011 0.0147959 0.0171165 0.294944
4 0.766651 0.626025 0.0233785 0.0283784 0.292219
