0 0.737524 0.863568 0.0759636 0.130357 0.944991
4 0.460918 0.49641 0.0575789 0.0390484 0.865562
3 0.16841 0.427243 0.0206399 0.0248149 0.826928
1 0.183437 0.249557 0.0286155 0.350334 0.799864
2 0.884428 0.457794 0.0216454 0.0282866 0.75575
2 0.649757 0.417397 0.020806 0.0238776 0.673761
1 0.569825 0.214181 0.0126163 0.3137 0.632835
2 0.172502 0.498456 0.0207006 0.0265304 0.562372
2 0.752863 0.342377 0.0173786 0.0204807 0.500685
3 0.589452 0.366804 0.0179512 0.0243354 0.489737
3 0.702109 0.350202 0.0184969 0.0191401 0.473272
