0 0.536543 0.488243 0.0356061 0.0661926 0.890224
3 0.118791 0.438598 0.0250225 0.0340484 0.784439
3 0.832829 0.295711 0.0140135 0.0158079 0.756926
2 0.871648 0.359207 0.0146664 0.0200711 0.701417
1 0.72323 0.184722 0.0156396 0.213885 0.622857
3 0.735765 0.289483 0.0125467 0.0153888 0.614142
1 0.480778 0.174756 0.00696506 0.201086 0.587771
2 0.880336 0.297433 0.0129162 0.0168767 0.531559
3 0.665855 0.485342 0.0221108 0.0326826 0.516021
3 0.431156 0.469067 0.0198341 0.0281197 0.482755
2 0.741087 0.31839 0.01257 0.0147702 0.311213
2 0.323258 0.32763 0.0151835 0.0196304 0.308319
1 0.723969 0.185889 0.0101141 0.219691 0.299857
